7.0
7.013355592654424
7.026711185308848
7.040066777963272
7.053422370617696
7.06677796327212
7.080133555926544
7.093489148580968
7.106844741235392
7.120200333889817
7.133555926544241
7.146911519198665
7.160267111853089
7.173622704507513
7.186978297161937
7.200333889816361
7.213689482470785
7.227045075125209
7.240400667779633
7.253756260434057
7.267111853088481
7.280467445742905
7.293823038397329
7.307178631051753
7.320534223706177
7.333889816360601
7.347245409015025
7.360601001669449
7.373956594323873
7.387312186978297
7.400667779632721
7.414023372287145
7.427378964941569
7.440734557595993
7.454090150250417
7.467445742904841
7.480801335559265
7.494156928213689
7.507512520868113
7.520868113522537
7.534223706176961
7.547579298831385
7.560934891485809
7.574290484140234
7.587646076794658
7.601001669449082
7.614357262103506
7.62771285475793
7.641068447412354
7.654424040066778
7.667779632721202
7.681135225375626
7.69449081803005
7.707846410684474
7.721202003338898
7.734557595993322
7.747913188647746
7.761268781302171
7.774624373956595
7.787979966611019
7.801335559265443
7.814691151919867
7.828046744574291
7.841402337228715
7.854757929883139
7.868113522537563
7.881469115191987
7.894824707846411
7.908180300500835
7.921535893155259
7.934891485809683
7.948247078464107
7.961602671118531
7.974958263772955
7.988313856427379
8.001669449081803
8.015025041736227
8.02838063439065
8.041736227045075
8.055091819699499
8.068447412353922
8.081803005008346
8.09515859766277
8.108514190317194
8.121869782971618
8.135225375626044
8.148580968280468
8.161936560934892
8.175292153589316
8.18864774624374
8.202003338898164
8.215358931552588
8.228714524207012
8.242070116861436
8.25542570951586
8.268781302170284
8.282136894824708
8.295492487479132
8.308848080133556
8.32220367278798
8.335559265442404
8.348914858096828
8.362270450751252
8.375626043405676
8.3889816360601
8.402337228714524
8.415692821368948
8.429048414023372
8.442404006677796
8.45575959933222
8.469115191986644
8.482470784641068
8.495826377295492
8.509181969949916
8.522537562604342
8.535893155258766
8.54924874791319
8.562604340567614
8.575959933222038
8.589315525876462
8.602671118530886
8.61602671118531
8.629382303839733
8.642737896494157
8.656093489148581
8.669449081803005
8.68280467445743
8.696160267111853
8.709515859766277
8.722871452420701
8.736227045075125
8.74958263772955
8.762938230383973
8.776293823038397
8.789649415692821
8.803005008347245
8.81636060100167
8.829716193656093
8.843071786310517
8.856427378964941
8.869782971619365
8.88313856427379
8.896494156928213
8.909849749582637
8.923205342237061
8.936560934891485
8.94991652754591
8.963272120200333
8.976627712854757
8.989983305509181
9.003338898163605
9.016694490818029
9.030050083472453
9.043405676126879
9.056761268781303
9.070116861435727
9.08347245409015
9.096828046744575
9.110183639398999
9.123539232053423
9.136894824707847
9.15025041736227
9.163606010016695
9.176961602671119
9.190317195325543
9.203672787979967
9.21702838063439
9.230383973288815
9.243739565943239
9.257095158597663
9.270450751252087
9.28380634390651
9.297161936560935
9.310517529215359
9.323873121869783
9.337228714524207
9.35058430717863
9.363939899833055
9.37729549248748
9.390651085141904
9.404006677796328
9.417362270450752
9.430717863105176
9.4440734557596
9.457429048414024
9.470784641068448
9.484140233722872
9.497495826377296
9.51085141903172
9.524207011686144
9.537562604340568
9.550918196994992
9.564273789649416
9.57762938230384
9.590984974958264
9.604340567612688
9.617696160267112
9.631051752921536
9.64440734557596
9.657762938230384
9.671118530884808
9.684474123539232
9.697829716193656
9.71118530884808
9.724540901502504
9.737896494156928
9.751252086811352
9.764607679465776
9.7779632721202
9.791318864774624
9.804674457429048
9.818030050083472
9.831385642737896
9.84474123539232
9.858096828046744
9.871452420701168
9.884808013355592
9.898163606010016
9.91151919866444
9.924874791318866
9.93823038397329
9.951585976627713
9.964941569282137
9.978297161936561
9.991652754590985
10.00500834724541
10.018363939899833
10.031719532554257
10.045075125208681
10.058430717863105
10.07178631051753
10.085141903171953
10.098497495826377
10.111853088480801
10.125208681135225
10.13856427378965
10.151919866444073
10.165275459098497
10.178631051752921
10.191986644407345
10.20534223706177
10.218697829716193
10.232053422370617
10.245409015025041
10.258764607679467
10.272120200333891
10.285475792988315
10.298831385642739
10.312186978297163
10.325542570951587
10.33889816360601
10.352253756260435
10.365609348914859
10.378964941569283
10.392320534223707
10.40567612687813
10.419031719532555
10.432387312186979
10.445742904841403
10.459098497495827
10.47245409015025
10.485809682804675
10.499165275459099
10.512520868113523
10.525876460767947
10.53923205342237
10.552587646076795
10.565943238731219
10.579298831385643
10.592654424040067
10.60601001669449
10.619365609348915
10.632721202003339
10.646076794657763
10.659432387312187
10.67278797996661
10.686143572621035
10.699499165275459
10.712854757929883
10.726210350584306
10.73956594323873
10.752921535893154
10.766277128547578
10.779632721202002
10.792988313856426
10.806343906510852
10.819699499165276
10.8330550918197
10.846410684474124
10.859766277128548
10.873121869782972
10.886477462437396
10.89983305509182
10.913188647746244
10.926544240400668
10.939899833055092
10.953255425709516
10.96661101836394
10.979966611018364
10.993322203672788
11.006677796327212
11.020033388981636
11.03338898163606
11.046744574290484
11.060100166944908
11.073455759599332
11.086811352253758
11.100166944908182
11.113522537562606
11.12687813021703
11.140233722871454
11.153589315525878
11.166944908180302
11.180300500834726
11.19365609348915
11.207011686143574
11.220367278797998
11.233722871452422
11.247078464106846
11.26043405676127
11.273789649415694
11.287145242070117
11.300500834724541
11.313856427378965
11.32721202003339
11.340567612687813
11.353923205342237
11.367278797996661
11.380634390651085
11.39398998330551
11.407345575959933
11.420701168614357
11.434056761268781
11.447412353923205
11.46076794657763
11.474123539232053
11.487479131886477
11.500834724540901
11.514190317195325
11.52754590984975
11.540901502504173
11.554257095158597
11.567612687813021
11.580968280467445
11.59432387312187
11.607679465776293
11.621035058430717
11.634390651085141
11.647746243739565
11.66110183639399
11.674457429048413
11.687813021702837
11.701168614357261
11.714524207011685
11.727879799666109
11.741235392320533
11.754590984974959
11.767946577629383
11.781302170283807
11.79465776293823
11.808013355592655
11.821368948247079
11.834724540901503
11.848080133555927
11.86143572621035
11.874791318864775
11.888146911519199
11.901502504173623
11.914858096828047
11.92821368948247
11.941569282136895
11.954924874791319
11.968280467445744
11.981636060100168
11.994991652754592
12.008347245409016
12.02170283806344
12.035058430717864
12.048414023372288
12.061769616026712
12.075125208681136
12.08848080133556
12.101836393989984
12.115191986644408
12.128547579298832
12.141903171953256
12.15525876460768
12.168614357262104
12.181969949916528
12.195325542570952
12.208681135225376
12.2220367278798
12.235392320534224
12.248747913188648
12.262103505843072
12.275459098497496
12.28881469115192
12.302170283806344
12.315525876460768
12.328881469115192
12.342237061769616
12.35559265442404
12.368948247078464
12.382303839732888
12.395659432387312
12.409015025041736
12.42237061769616
12.435726210350584
12.449081803005008
12.462437395659432
12.475792988313856
12.48914858096828
12.502504173622704
12.515859766277128
12.529215358931552
12.542570951585976
12.5559265442404
12.569282136894824
12.582637729549248
12.595993322203672
12.609348914858096
12.62270450751252
12.636060100166945
12.64941569282137
12.662771285475793
12.676126878130217
12.689482470784641
12.702838063439065
12.71619365609349
12.729549248747913
12.742904841402337
12.756260434056761
12.769616026711185
12.78297161936561
12.796327212020033
12.809682804674457
12.823038397328881
12.836393989983305
12.849749582637731
12.863105175292155
12.876460767946579
12.889816360601003
12.903171953255427
12.916527545909851
12.929883138564275
12.943238731218699
12.956594323873123
12.969949916527547
12.983305509181971
12.996661101836395
13.010016694490819
13.023372287145243
13.036727879799667
13.05008347245409
13.063439065108515
13.076794657762939
13.090150250417363
13.103505843071787
13.11686143572621
13.130217028380635
13.143572621035059
13.156928213689483
13.170283806343907
13.18363939899833
13.196994991652755
13.210350584307179
13.223706176961603
13.237061769616027
13.25041736227045
13.263772954924875
13.277128547579299
13.290484140233723
13.303839732888147
13.31719532554257
13.330550918196995
13.343906510851419
13.357262103505843
13.370617696160267
13.38397328881469
13.397328881469114
13.410684474123538
13.424040066777962
13.437395659432386
13.45075125208681
13.464106844741234
13.477462437395658
13.490818030050082
13.504173622704506
13.517529215358932
13.530884808013356
13.54424040066778
13.557595993322204
13.570951585976628
13.584307178631052
13.597662771285476
13.6110183639399
13.624373956594324
13.637729549248748
13.651085141903172
13.664440734557596
13.67779632721202
13.691151919866444
13.704507512520868
13.717863105175292
13.731218697829718
13.744574290484142
13.757929883138566
13.77128547579299
13.784641068447414
13.797996661101838
13.811352253756262
13.824707846410686
13.83806343906511
13.851419031719534
13.864774624373958
13.878130217028382
13.891485809682806
13.90484140233723
13.918196994991654
13.931552587646078
13.944908180300501
13.958263772954925
13.97161936560935
13.984974958263773
13.998330550918197
14.011686143572621
14.025041736227045
14.03839732888147
14.051752921535893
14.065108514190317
14.078464106844741
14.091819699499165
14.10517529215359
14.118530884808013
14.131886477462437
14.145242070116861
14.158597662771285
14.17195325542571
14.185308848080133
14.198664440734557
14.212020033388981
14.225375626043405
14.23873121869783
14.252086811352253
14.265442404006677
14.278797996661101
14.292153589315525
14.30550918196995
14.318864774624373
14.332220367278797
14.345575959933221
14.358931552587645
14.372287145242069
14.385642737896493
14.398998330550919
14.412353923205343
14.425709515859767
14.43906510851419
14.452420701168615
14.465776293823039
14.479131886477463
14.492487479131887
14.50584307178631
14.519198664440735
14.532554257095159
14.545909849749583
14.559265442404007
14.57262103505843
14.585976627712855
14.599332220367279
14.612687813021704
14.626043405676128
14.639398998330552
14.652754590984976
14.6661101836394
14.679465776293824
14.692821368948248
14.706176961602672
14.719532554257096
14.73288814691152
14.746243739565944
14.759599332220368
14.772954924874792
14.786310517529216
14.79966611018364
14.813021702838064
14.826377295492488
14.839732888146912
14.853088480801336
14.86644407345576
14.879799666110184
14.893155258764608
14.906510851419032
14.919866444073456
14.93322203672788
14.946577629382304
14.959933222036728
14.973288814691152
14.986644407345576
15.0
