-5.1608159064167705
-5.1608159064167705
-5.168648239543118
-5.168648239543118
-5.158063876030682
-5.158063876030682
-5.179124445945839
-5.179124445945839
-5.1475937438668575
-5.1475937438668575
-5.154855599710581
-5.154855599710581
-5.1664244389527605
-5.1664244389527605
-5.147478091060792
-5.147478091060792
-5.1178896122870015
-5.1178896122870015
-5.101987447757358
-5.101987447757358
-5.127624000103449
-5.127624000103449
-5.106287278629011
-5.106287278629011
-5.090358230393536
-5.090358230393536
-5.098043337520778
-5.098043337520778
-5.08363425590959
-5.08363425590959
-5.098052309294256
-5.098052309294256
-5.110946600342863
-5.110946600342863
-5.091366998010042
-5.091366998010042
-5.073978552040207
-5.073978552040207
-5.073064042953385
-5.073064042953385
-5.076518951224532
-5.076518951224532
-5.070516359121111
-5.070516359121111
-5.086301267127022
-5.086301267127022
-5.0646703042060635
-5.0646703042060635
-5.069310136865916
-5.069310136865916
-5.028979463906047
-5.028979463906047
-5.051934460433262
-5.051934460433262
-5.0434029263819795
-5.0434029263819795
-5.028253855777072
-5.028253855777072
-5.01723972737941
-5.01723972737941
-5.054689500640727
-5.054689500640727
-5.0160148435064125
-5.0160148435064125
-4.996884236374587
-4.996884236374587
-5.054621934914326
-5.054621934914326
-5.03682464625999
-5.03682464625999
-5.030124901715315
-5.030124901715315
-4.9457681766244335
-4.9457681766244335
-4.8568501575580205
-4.8568501575580205
-2.974515568239278
-2.974515568239278
-1.807797474864319
-1.807797474864319
-0.9620764505328697
-0.9620764505328697
-0.2713713301961016
-0.2713713301961016
-0.7002688387838509
-0.7002688387838509
-2.883539665653359
-2.883539665653359
-4.810186368153314
-4.810186368153314
-4.878058099344994
-4.878058099344994
-4.917763012559729
-4.917763012559729
-4.890247231546073
-4.890247231546073
-4.863190926308171
-4.863190926308171
-4.834183142826995
-4.834183142826995
-4.788686625819847
-4.788686625819847
-4.448087276166161
-4.448087276166161
0.8706436481201507
0.8706436481201507
0.065070518228944
0.065070518228944
0.8729565550663152
0.8729565550663152
0.8805822127363865
0.8805822127363865
0.6079656397436453
0.6079656397436453
0.8716242601508446
0.8716242601508446
0.9279195881816809
0.9279195881816809
0.895769291646372
0.895769291646372
0.9364484154098386
0.9364484154098386
0.882486067845808
0.882486067845808
0.8769756271539642
0.8769756271539642
0.9023428505800178
0.9023428505800178
0.9090373380693993
0.9090373380693993
0.8763972133343316
0.8763972133343316
0.907269407992607
0.907269407992607
0.9094430217035729
0.9094430217035729
0.8898122080371853
0.8898122080371853
0.9312333197785151
0.9312333197785151
0.8887575345879921
0.8887575345879921
-0.26568665886391646
-0.26568665886391646
0.9297078980048752
0.9297078980048752
0.9034366515603506
0.9034366515603506
0.935988208770183
0.935988208770183
0.886629960763095
0.886629960763095
0.9118288787460073
0.9118288787460073
0.7619790891283443
0.7619790891283443
-1.0319855429354634
-1.0319855429354634
-0.11596551104926238
-0.11596551104926238
-0.5249521165961191
-0.5249521165961191
-1.2317783893336276
-1.2317783893336276
-2.077906405777865
-2.077906405777865
-3.1990217166609067
-3.1990217166609067
-4.831815261894816
-4.831815261894816
-4.9339516738648985
-4.9339516738648985
-4.989539952054942
-4.989539952054942
-4.969154232471464
-4.969154232471464
-4.959064577121459
-4.959064577121459
-4.923355621650684
-4.923355621650684
-4.938111155814208
-4.938111155814208
-4.944372002784286
-4.944372002784286
-4.936672116919484
-4.936672116919484
-4.963721982697774
-4.963721982697774
-4.880634977967038
-4.880634977967038
-4.916364532536383
-4.916364532536383
-4.853015151453634
-4.853015151453634
-4.440249822084981
-4.440249822084981
-2.876581838803689
-2.876581838803689
-1.9194822270926948
-1.9194822270926948
-1.1604578115583966
-1.1604578115583966
-0.5146686441817867
-0.5146686441817867
-0.07712272802660998
-0.07712272802660998
0.9127398930853825
0.9127398930853825
0.9363494660562215
0.9363494660562215
0.9066128179056794
0.9066128179056794
0.945449375650075
0.945449375650075
0.9199531415919813
0.9199531415919813
0.9057587970646798
0.9057587970646798
0.9522768532760512
0.9522768532760512
0.9634680988115485
0.9634680988115485
0.9031711579923344
0.9031711579923344
0.9493741193900508
0.9493741193900508
0.9507676444736446
0.9507676444736446
0.9186917926852449
0.9186917926852449
0.9187415394268689
0.9187415394268689
0.9368665180186784
0.9368665180186784
0.9480446941540106
0.9480446941540106
0.9369166029971077
0.9369166029971077
0.9568963137324628
0.9568963137324628
0.9526162663177412
0.9526162663177412
0.9353785566179786
0.9353785566179786
0.9181415010413242
0.9181415010413242
0.9587924361286416
0.9587924361286416
0.957510177495458
0.957510177495458
0.9438974546672178
0.9438974546672178
0.8970026184979071
0.8970026184979071
0.9140277128521613
0.9140277128521613
0.9045115952239571
0.9045115952239571
0.9335962732978497
0.9335962732978497
0.9290450436654214
0.9290450436654214
0.9403426014801465
0.9403426014801465
0.9094074436161861
0.9094074436161861
0.9603083692465623
0.9603083692465623
0.94014638232494
0.94014638232494
0.9295270862838494
0.9295270862838494
0.9180811283194132
0.9180811283194132
0.914681318385917
0.914681318385917
0.9246647194216991
0.9246647194216991
0.9383559446363644
0.9383559446363644
0.9521972694670644
0.9521972694670644
0.9329105861938806
0.9329105861938806
0.9391863821120178
0.9391863821120178
0.9387455628645508
0.9387455628645508
0.9225198853598079
0.9225198853598079
0.9403211641857291
0.9403211641857291
0.9365350559654173
0.9365350559654173
0.9025882800919112
0.9025882800919112
0.9349655274229006
0.9349655274229006
0.9150466365033856
0.9150466365033856
0.9408049889470373
0.9408049889470373
0.9329241665232826
0.9329241665232826
0.9008476528214073
0.9008476528214073
0.9299287457935504
0.9299287457935504
0.8885724722278097
0.8885724722278097
0.9392697744656135
0.9392697744656135
0.9241659348034114
0.9241659348034114
0.9468057747787977
0.9468057747787977
0.9095769350642589
0.9095769350642589
0.9471158535133521
0.9471158535133521
0.943604420441033
0.943604420441033
0.9290322342976868
0.9290322342976868
0.9144364231129981
0.9144364231129981
0.9099219157760834
0.9099219157760834
0.9214404209752449
0.9214404209752449
0.929721654528181
0.929721654528181
0.9617755019254843
0.9617755019254843
0.9197554406219676
0.9197554406219676
0.9109500492817831
0.9109500492817831
0.9519492510624022
0.9519492510624022
0.9228063375216946
0.9228063375216946
0.8996247885016079
0.8996247885016079
0.9159472329437629
0.9159472329437629
0.9036246697781257
0.9036246697781257
-4.410591812808269
-4.410591812808269
-4.516496382976572
-4.516496382976572
-4.556401043567033
-4.556401043567033
-4.587615622173188
-4.587615622173188
-4.552479629053844
-4.552479629053844
-4.574914611899407
-4.574914611899407
-4.561548623120884
-4.561548623120884
-4.55263404618971
-4.55263404618971
-4.567376691249787
-4.567376691249787
-4.550763436337617
-4.550763436337617
-4.552536609823866
-4.552536609823866
-4.569518397255214
-4.569518397255214
-4.574138294302195
-4.574138294302195
-4.58000427214789
-4.58000427214789
-4.550055801431377
-4.550055801431377
-4.58782862922369
-4.58782862922369
-4.583553957709515
-4.583553957709515
-4.569462454872125
-4.569462454872125
-4.554751997940233
-4.554751997940233
-4.601233720245396
-4.601233720245396
-4.583577965390511
-4.583577965390511
-4.550532748599955
-4.550532748599955
-4.550680197277859
-4.550680197277859
-4.559117870329025
-4.559117870329025
-4.574510093851675
-4.574510093851675
-4.578504845794425
-4.578504845794425
[ 4.          4.18090452  4.36180905  4.54271357  4.72361809  4.90452261
  5.08542714  5.26633166  5.44723618  5.6281407   5.80904523  5.98994975
  6.17085427  6.35175879  6.53266332  6.71356784  6.89447236  7.07537688
  7.25628141  7.43718593  7.61809045  7.79899497  7.9798995   8.16080402
  8.34170854  8.52261307  8.70351759  8.88442211  9.06532663  9.24623116
  9.42713568  9.6080402   9.78894472  9.96984925 10.15075377 10.33165829
 10.51256281 10.69346734 10.87437186 11.05527638 11.2361809  11.41708543
 11.59798995 11.77889447 11.95979899 12.14070352 12.32160804 12.50251256
 12.68341709 12.86432161 13.04522613 13.22613065 13.40703518 13.5879397
 13.76884422 13.94974874 14.13065327 14.31155779 14.49246231 14.67336683
 14.85427136 15.03517588 15.2160804  15.39698492 15.57788945 15.75879397
 15.93969849 16.12060302 16.30150754 16.48241206 16.66331658 16.84422111
 17.02512563 17.20603015 17.38693467 17.5678392  17.74874372 17.92964824
 18.11055276 18.29145729 18.47236181 18.65326633 18.83417085 19.01507538
 19.1959799  19.37688442 19.55778894 19.73869347 19.91959799 20.10050251
 20.28140704 20.46231156 20.64321608 20.8241206  21.00502513 21.18592965
 21.36683417 21.54773869 21.72864322 21.90954774 22.09045226 22.27135678
 22.45226131 22.63316583 22.81407035 22.99497487 23.1758794  23.35678392
 23.53768844 23.71859296 23.89949749 24.08040201 24.26130653 24.44221106
 24.62311558 24.8040201  24.98492462 25.16582915 25.34673367 25.52763819
 25.70854271 25.88944724 26.07035176 26.25125628 26.4321608  26.61306533
 26.79396985 26.97487437 27.15577889 27.33668342 27.51758794 27.69849246
 27.87939698 28.06030151 28.24120603 28.42211055 28.60301508 28.7839196
 28.96482412 29.14572864 29.32663317 29.50753769 29.68844221 29.86934673
 30.05025126 30.23115578 30.4120603  30.59296482 30.77386935 30.95477387
 31.13567839 31.31658291 31.49748744 31.67839196 31.85929648 32.04020101
 32.22110553 32.40201005 32.58291457 32.7638191  32.94472362 33.12562814
 33.30653266 33.48743719 33.66834171 33.84924623 34.03015075 34.21105528
 34.3919598  34.57286432 34.75376884 34.93467337 35.11557789 35.29648241
 35.47738693 35.65829146 35.83919598 36.0201005  36.20100503 36.38190955
 36.56281407 36.74371859 36.92462312 37.10552764 37.28643216 37.46733668
 37.64824121 37.82914573 38.01005025 38.19095477 38.3718593  38.55276382
 38.73366834 38.91457286 39.09547739 39.27638191 39.45728643 39.63819095
 39.81909548 40.        ] [-5.16081591 -5.16864824 -5.15806388 -5.17912445 -5.14759374 -5.1548556
 -5.16642444 -5.14747809 -5.11788961 -5.10198745 -5.127624   -5.10628728
 -5.09035823 -5.09804334 -5.08363426 -5.09805231 -5.1109466  -5.091367
 -5.07397855 -5.07306404 -5.07651895 -5.07051636 -5.08630127 -5.0646703
 -5.06931014 -5.02897946 -5.05193446 -5.04340293 -5.02825386 -5.01723973
 -5.0546895  -5.01601484 -4.99688424 -5.05462193 -5.03682465 -5.0301249
 -4.94576818 -4.85685016 -2.97451557 -1.80779747 -0.96207645 -0.27137133
 -0.70026884 -2.88353967 -4.81018637 -4.8780581  -4.91776301 -4.89024723
 -4.86319093 -4.83418314 -4.78868663 -4.44808728  0.87064365  0.06507052
  0.87295656  0.88058221  0.60796564  0.87162426  0.92791959  0.89576929
  0.93644842  0.88248607  0.87697563  0.90234285  0.90903734  0.87639721
  0.90726941  0.90944302  0.88981221  0.93123332  0.88875753 -0.26568666
  0.9297079   0.90343665  0.93598821  0.88662996  0.91182888  0.76197909
 -1.03198554 -0.11596551 -0.52495212 -1.23177839 -2.07790641 -3.19902172
 -4.83181526 -4.93395167 -4.98953995 -4.96915423 -4.95906458 -4.92335562
 -4.93811116 -4.944372   -4.93667212 -4.96372198 -4.88063498 -4.91636453
 -4.85301515 -4.44024982 -2.87658184 -1.91948223 -1.16045781 -0.51466864
 -0.07712273  0.91273989  0.93634947  0.90661282  0.94544938  0.91995314
  0.9057588   0.95227685  0.9634681   0.90317116  0.94937412  0.95076764
  0.91869179  0.91874154  0.93686652  0.94804469  0.9369166   0.95689631
  0.95261627  0.93537856  0.9181415   0.95879244  0.95751018  0.94389745
  0.89700262  0.91402771  0.9045116   0.93359627  0.92904504  0.9403426
  0.90940744  0.96030837  0.94014638  0.92952709  0.91808113  0.91468132
  0.92466472  0.93835594  0.95219727  0.93291059  0.93918638  0.93874556
  0.92251989  0.94032116  0.93653506  0.90258828  0.93496553  0.91504664
  0.94080499  0.93292417  0.90084765  0.92992875  0.88857247  0.93926977
  0.92416593  0.94680577  0.90957694  0.94711585  0.94360442  0.92903223
  0.91443642  0.90992192  0.92144042  0.92972165  0.9617755   0.91975544
  0.91095005  0.95194925  0.92280634  0.89962479  0.91594723  0.90362467
 -4.41059181 -4.51649638 -4.55640104 -4.58761562 -4.55247963 -4.57491461
 -4.56154862 -4.55263405 -4.56737669 -4.55076344 -4.55253661 -4.5695184
 -4.57413829 -4.58000427 -4.5500558  -4.58782863 -4.58355396 -4.56946245
 -4.554752   -4.60123372 -4.58357797 -4.55053275 -4.5506802  -4.55911787
 -4.57451009 -4.57850485]
00290704
0.8046464285818711
0.8046464285818711
0.7775386665843597
0.7775386665843597
0.779794220453208
0.779794220453208
0.7856589283181958
0.7856589283181958
0.8112581899925649
0.8112581899925649
0.8163211660205713
0.8163211660205713
0.8006367374111512
0.8006367374111512
-0.3060387801271398
-0.3060387801271398
0.22304257701375602
0.22304257701375602
0.7992294810864153
0.7992294810864153
0.8019999392984432
0.8019999392984432
0.8036381985133453
0.8036381985133453
0.7687141231355544
0.7687141231355544
0.8305495659242564
0.8305495659242564
0.7711692048523546
0.7711692048523546
0.8011179151479456
0.8011179151479456
0.8127928623903459
0.8127928623903459
0.8390125233371342
0.8390125233371342
0.7812481570853564
0.7812481570853564
0.824312043936106
0.824312043936106
0.7993641447698026
0.7993641447698026
0.8320564703408009
0.8320564703408009
0.8041140977530042
0.8041140977530042
0.7910124396546664
0.7910124396546664
0.8362645339274478
0.8362645339274478
0.8202504805262018
0.8202504805262018
0.8757683371519431
0.8757683371519431
0.8030133840331172
0.8030133840331172
0.7641067140668835
0.7641067140668835
0.6762170112780618
0.6762170112780618
-0.28146152248851447
-0.28146152248851447
-1.0464083313278711
-1.0464083313278711
-1.2676228119813082
-1.2676228119813082
-1.6276492304278205
-1.6276492304278205
-1.9679376286855887
-1.9679376286855887
-2.4458056323381623
-2.4458056323381623
-2.808201445872242
-2.808201445872242
-3.230413773985837
-3.230413773985837
-3.5374773681759284
-3.5374773681759284
-4.2309563056729385
-4.2309563056729385
-4.918871951973506
-4.918871951973506
-4.92044311177658
-4.92044311177658
-4.912636655781753
-4.912636655781753
-4.908259527964514
-4.908259527964514
-4.931841882128336
-4.931841882128336
-4.915056239719692
-4.915056239719692
-4.956849942452269
-4.956849942452269
-4.926480795007488
-4.926480795007488
-4.922720532993516
-4.922720532993516
-4.938183541544933
-4.938183541544933
-4.929095255869051
-4.929095255869051
-4.931136691658882
-4.931136691658882
-4.918637715379045
-4.918637715379045
-4.88658440746494
-4.88658440746494
-4.738745349682984
-4.738745349682984
-4.422368268934827
-4.422368268934827
-4.090706567541641
-4.090706567541641
-3.8210678227266066
-3.8210678227266066
-3.615263939072163
-3.615263939072163
-3.4485317317610362
-3.4485317317610362
-3.3057208984481328
-3.3057208984481328
-3.182415841017226
-3.182415841017226
-3.074549377821026
-3.074549377821026
-2.979353860220727
-2.979353860220727
-2.894416598181699
-2.894416598181699
-2.818039111675256
-2.818039111675256
-2.749195797226618
-2.749195797226618
-2.686908201650304
-2.686908201650304
-2.630538622995192
-2.630538622995192
-2.579446560867716
-2.579446560867716
-2.533147157591493
-2.533147157591493
-2.491263982368616
-2.491263982368616
-2.4535481554296306
-2.4535481554296306
-2.4198673953047534
-2.4198673953047534
-2.390027548839839
-2.390027548839839
-2.3637391637160317
-2.3637391637160317
-2.3407380863743628
-2.3407380863743628
-2.320791321821409
-2.320791321821409
-2.3037133490234054
-2.3037133490234054
-2.2893384977967837
-2.2893384977967837
[ 4.          4.09022556  4.18045113  4.27067669  4.36090226  4.45112782
  4.54135338  4.63157895  4.72180451  4.81203008  4.90225564  4.9924812
  5.08270677  5.17293233  5.26315789  5.35338346  5.44360902  5.53383459
  5.62406015  5.71428571  5.80451128  5.89473684  5.98496241  6.07518797
  6.16541353  6.2556391   6.34586466  6.43609023  6.52631579  6.61654135
  6.70676692  6.79699248  6.88721805  6.97744361  7.06766917  7.15789474
  7.2481203   7.33834586  7.42857143  7.51879699  7.60902256  7.69924812
  7.78947368  7.87969925  7.96992481  8.06015038  8.15037594  8.2406015
  8.33082707  8.42105263  8.5112782   8.60150376  8.69172932  8.78195489
  8.87218045  8.96240602  9.05263158  9.14285714  9.23308271  9.32330827
  9.41353383  9.5037594   9.59398496  9.68421053  9.77443609  9.86466165
  9.95488722 10.04511278 10.13533835 10.22556391 10.31578947 10.40601504
 10.4962406  10.58646617 10.67669173 10.76691729 10.85714286 10.94736842
 11.03759398 11.12781955 11.21804511 11.30827068 11.39849624 11.4887218
 11.57894737 11.66917293 11.7593985  11.84962406 11.93984962 12.03007519
 12.12030075 12.21052632 12.30075188 12.39097744 12.48120301 12.57142857
 12.66165414 12.7518797  12.84210526 12.93233083 13.02255639 13.11278195
 13.20300752 13.29323308 13.38345865 13.47368421 13.56390977 13.65413534
 13.7443609  13.83458647 13.92481203 14.01503759 14.10526316 14.19548872
 14.28571429 14.37593985 14.46616541 14.55639098 14.64661654 14.73684211
 14.82706767 14.91729323 15.0075188  15.09774436 15.18796992 15.27819549
 15.36842105 15.45864662 15.54887218 15.63909774 15.72932331 15.81954887
 15.90977444 16.         16.09022556 16.18045113 16.27067669 16.36090226
 16.45112782 16.54135338 16.63157895 16.72180451 16.81203008 16.90225564
 16.9924812  17.08270677 17.17293233 17.26315789 17.35338346 17.44360902
 17.53383459 17.62406015 17.71428571 17.80451128 17.89473684 17.98496241
 18.07518797 18.16541353 18.2556391  18.34586466 18.43609023 18.52631579
 18.61654135 18.70676692 18.79699248 18.88721805 18.97744361 19.06766917
 19.15789474 19.2481203  19.33834586 19.42857143 19.51879699 19.60902256
 19.69924812 19.78947368 19.87969925 19.96992481 20.06015038 20.15037594
 20.2406015  20.33082707 20.42105263 20.5112782  20.60150376 20.69172932
 20.78195489 20.87218045 20.96240602 21.05263158 21.14285714 21.23308271
 21.32330827 21.41353383 21.5037594  21.59398496 21.68421053 21.77443609
 21.86466165 21.95488722 22.04511278 22.13533835 22.22556391 22.31578947
 22.40601504 22.4962406  22.58646617 22.67669173 22.76691729 22.85714286
 22.94736842 23.03759398 23.12781955 23.21804511 23.30827068 23.39849624
 23.4887218  23.57894737 23.66917293 23.7593985  23.84962406 23.93984962
 24.03007519 24.12030075 24.21052632 24.30075188 24.39097744 24.48120301
 24.57142857 24.66165414 24.7518797  24.84210526 24.93233083 25.02255639
 25.11278195 25.20300752 25.29323308 25.38345865 25.47368421 25.56390977
 25.65413534 25.7443609  25.83458647 25.92481203 26.01503759 26.10526316
 26.19548872 26.28571429 26.37593985 26.46616541 26.55639098 26.64661654
 26.73684211 26.82706767 26.91729323 27.0075188  27.09774436 27.18796992
 27.27819549 27.36842105 27.45864662 27.54887218 27.63909774 27.72932331
 27.81954887 27.90977444 28.         28.09022556 28.18045113 28.27067669
 28.36090226 28.45112782 28.54135338 28.63157895 28.72180451 28.81203008
 28.90225564 28.9924812  29.08270677 29.17293233 29.26315789 29.35338346
 29.44360902 29.53383459 29.62406015 29.71428571 29.80451128 29.89473684
 29.98496241 30.07518797 30.16541353 30.2556391  30.34586466 30.43609023
 30.52631579 30.61654135 30.70676692 30.79699248 30.88721805 30.97744361
 31.06766917 31.15789474 31.2481203  31.33834586 31.42857143 31.51879699
 31.60902256 31.69924812 31.78947368 31.87969925 31.96992481 32.06015038
 32.15037594 32.2406015  32.33082707 32.42105263 32.5112782  32.60150376
 32.69172932 32.78195489 32.87218045 32.96240602 33.05263158 33.14285714
 33.23308271 33.32330827 33.41353383 33.5037594  33.59398496 33.68421053
 33.77443609 33.86466165 33.95488722 34.04511278 34.13533835 34.22556391
 34.31578947 34.40601504 34.4962406  34.58646617 34.67669173 34.76691729
 34.85714286 34.94736842 35.03759398 35.12781955 35.21804511 35.30827068
 35.39849624 35.4887218  35.57894737 35.66917293 35.7593985  35.84962406
 35.93984962 36.03007519 36.12030075 36.21052632 36.30075188 36.39097744
 36.48120301 36.57142857 36.66165414 36.7518797  36.84210526 36.93233083
 37.02255639 37.11278195 37.20300752 37.29323308 37.38345865 37.47368421
 37.56390977 37.65413534 37.7443609  37.83458647 37.92481203 38.01503759
 38.10526316 38.19548872 38.28571429 38.37593985 38.46616541 38.55639098
 38.64661654 38.73684211 38.82706767 38.91729323 39.0075188  39.09774436
 39.18796992 39.27819549 39.36842105 39.45864662 39.54887218 39.63909774
 39.72932331 39.81954887 39.90977444 40.        ] [-5.31429349e+00 -5.31101058e+00 -5.32421797e+00 -5.30951271e+00
 -5.31081484e+00 -5.30634184e+00 -5.31840128e+00 -5.29520698e+00
 -5.31235230e+00 -5.30243056e+00 -5.30051431e+00 -5.30929267e+00
 -5.29943771e+00 -5.30493406e+00 -5.28808981e+00 -5.30284995e+00
 -5.28204196e+00 -5.27944583e+00 -5.28156378e+00 -5.28910729e+00
 -5.26967359e+00 -5.26638091e+00 -5.28513595e+00 -5.25918278e+00
 -5.26877031e+00 -5.24392894e+00 -5.23031239e+00 -5.20666488e+00
 -4.92980346e+00 -4.09896943e+00 -3.55325048e+00 -3.15092386e+00
 -2.83436764e+00 -2.59131181e+00 -2.42951765e+00 -2.37072300e+00
 -2.45271624e+00 -2.74039065e+00 -3.35894625e+00 -5.05475270e+00
 -5.15571665e+00 -5.14296964e+00 -5.12578842e+00 -5.13173839e+00
 -5.09221069e+00 -5.06866389e+00 -3.64287537e+00 -2.21188553e+00
 -1.34084804e+00 -6.78198946e-01 -1.47282005e-01 -1.09561552e+00
 -4.68435813e+00 -8.94544650e-01 -3.09617579e-01  3.70876004e-02
 -4.99764899e+00 -4.96746939e+00 -4.99203540e+00 -4.99243229e+00
 -4.94665466e+00 -4.96455324e+00 -4.96778794e+00 -4.93096000e+00
 -4.95410847e+00 -4.89652806e+00 -4.78793048e+00  1.09176142e-01
 -3.25985741e+00 -2.72843367e+00 -2.26852593e+00 -1.89994147e+00
 -1.57958558e+00 -1.29048833e+00 -1.02547319e+00 -7.81243416e-01
 -5.56605672e-01 -3.44886316e-01 -1.50433141e-01 -3.93880915e-02
 -4.06998073e-01 -9.09502699e-01 -1.66935651e+00 -2.52287044e+00
 -3.80471269e+00 -4.78826737e+00 -4.87168399e+00 -4.89328127e+00
 -4.79636395e+00 -4.86491297e+00 -4.81032678e+00 -4.71472531e+00
 -2.93134229e+00 -2.02671680e+00 -1.33566717e+00 -6.63132138e-01
 -2.47205194e-01 -5.18921801e-01 -1.74576901e+00 -1.64471064e+00
 -3.57384318e-01 -2.49955346e-01  1.02501114e-01  2.85662653e-01
  3.76669599e-01  4.32419922e-01  5.79900158e-01  6.27168650e-01
  6.17499487e-01  6.28211075e-01  7.00036192e-01  8.12810199e-01
  8.12512384e-01  8.27647108e-01  8.34910229e-01  7.85693963e-01
  8.00353357e-01  7.95348493e-01  7.84668415e-01  1.72381057e-01
  8.49943001e-01  8.06041521e-01  7.87217644e-01  8.17977115e-01
  8.02587307e-01 -3.26317846e+00 -4.80333783e+00 -2.06775136e+00
 -1.06271934e+00 -5.02462633e-01 -1.19696611e-01 -4.75780135e-01
 -2.63489661e+00 -6.54126099e-01 -1.31772241e-01 -6.69015774e-01
 -1.92488508e-01 -7.61698143e-01  4.26566301e-01  7.71425462e-01
  7.77754041e-01 -5.26713722e-03  7.57726286e-01  3.05955666e-01
  7.79406279e-01  7.55726713e-01 -1.64473762e+00 -1.87664457e+00
 -4.21000082e-01 -1.04650746e+00 -1.40253448e-01  7.35245157e-02
  4.54503145e-01  7.75240004e-01  7.42911108e-01  8.22094818e-01
  7.99050730e-01  7.95187417e-01  7.81634153e-01  8.01374834e-01
  7.79086435e-01  7.70545917e-01  7.26583833e-01  1.66557553e-02
 -2.87936335e-01  7.82498878e-01  8.21429860e-01  7.39323209e-01
 -2.82358565e-03  7.84552657e-01  7.77912081e-01  7.21189567e-01
  8.06305703e-01  8.00842538e-01  7.71725024e-01  5.55308447e-01
  7.97192762e-01  5.64600396e-01  8.31719510e-01  7.70134361e-01
  7.73758576e-01  7.52260135e-01  5.87299914e-01  5.67619227e-01
  4.12219774e-01  5.64105451e-01  5.41452299e-01  5.09131855e-01
  4.56385341e-01 -3.38117447e-01 -1.31006317e+00 -1.98010098e+00
 -2.64161659e+00 -3.40419562e+00 -4.58043508e+00 -5.01448700e+00
 -4.94863927e+00 -4.99150244e+00 -4.99315063e+00 -5.00599450e+00
 -4.97736374e+00 -4.97905597e+00 -4.98839975e+00 -4.98984303e+00
 -4.97760101e+00 -4.99152531e+00 -4.96891094e+00 -4.96820525e+00
 -4.96087249e+00 -4.98574416e+00 -4.96918600e+00 -4.99081950e+00
 -4.96845768e+00 -4.96811004e+00 -4.94954597e+00 -4.94300636e+00
 -4.94154905e+00 -4.93675134e+00 -4.96682556e+00 -4.96077253e+00
 -4.91469571e+00 -4.96957085e+00 -4.63514534e+00 -4.19544894e+00
 -3.84398575e+00 -3.57801681e+00 -3.35452387e+00 -3.15999497e+00
 -2.98668951e+00 -2.82966928e+00 -2.68581348e+00 -2.55281171e+00
 -2.42895362e+00 -2.31292524e+00 -2.20370046e+00 -2.10043723e+00
 -2.00245454e+00 -1.90918178e+00 -1.82013830e+00 -1.73491350e+00
 -1.65315593e+00 -1.57455863e+00 -1.49885385e+00 -1.42580553e+00
 -1.35520439e+00 -1.28686407e+00 -1.22061770e+00 -1.15631505e+00
 -1.09382063e+00 -1.03301159e+00 -9.73776408e-01 -9.16013433e-01
 -8.59629897e-01 -8.04540998e-01 -7.50669077e-01 -6.97943018e-01
 -6.46297590e-01 -5.95673007e-01 -5.46014476e-01 -4.97271859e-01
 -4.49399400e-01 -4.02355526e-01 -3.56102742e-01 -3.10607649e-01
 -2.65841085e-01 -2.21778442e-01 -1.78400208e-01 -1.35692701e-01
 -9.36483299e-02 -5.22567584e-02 -1.12667674e-02 -4.76426742e-02
 -1.29474825e-01 -2.28090694e-01 -3.43715809e-01 -4.78226667e-01
 -6.35090367e-01 -8.23162249e-01 -1.05930993e+00 -1.35795372e+00
 -1.73828882e+00 -2.29003127e+00 -3.12516549e+00 -4.59812997e+00
 -4.72468408e+00 -3.35995859e+00 -2.44773805e+00 -1.84218991e+00
 -1.43883197e+00 -1.12364285e+00 -8.61531283e-01 -6.52149213e-01
 -4.68075366e-01 -3.14789978e-01 -1.93302725e-01 -1.01023584e-01
 -2.93827683e-02 -9.48677599e-02 -1.72173525e-01 -2.67912216e-01
 -4.54122337e-01 -6.34926112e-01  1.24232487e-02  2.70833173e-01
  3.88354681e-01  5.81234647e-01  6.55035820e-01  6.46589782e-01
  7.41638068e-01  8.12147604e-01  8.17697403e-01  8.20318407e-01
 -2.22657331e-02  7.62730645e-01  7.95074574e-01  7.91623255e-01
  7.83723388e-01  7.39287781e-01  7.71898328e-01  7.76911860e-01
  8.04646429e-01  7.77538667e-01  7.79794220e-01  7.85658928e-01
  8.11258190e-01  8.16321166e-01  8.00636737e-01 -3.06038780e-01
  2.23042577e-01  7.99229481e-01  8.01999939e-01  8.03638199e-01
  7.68714123e-01  8.30549566e-01  7.71169205e-01  8.01117915e-01
  8.12792862e-01  8.39012523e-01  7.81248157e-01  8.24312044e-01
  7.99364145e-01  8.32056470e-01  8.04114098e-01  7.91012440e-01
  8.36264534e-01  8.20250481e-01  8.75768337e-01  8.03013384e-01
  7.64106714e-01  6.76217011e-01 -2.81461522e-01 -1.04640833e+00
 -1.26762281e+00 -1.62764923e+00 -1.96793763e+00 -2.44580563e+00
 -2.80820145e+00 -3.23041377e+00 -3.53747737e+00 -4.23095631e+00
 -4.91887195e+00 -4.92044311e+00 -4.91263666e+00 -4.90825953e+00
 -4.93184188e+00 -4.91505624e+00 -4.95684994e+00 -4.92648080e+00
 -4.92272053e+00 -4.93818354e+00 -4.92909526e+00 -4.93113669e+00
 -4.91863772e+00 -4.88658441e+00 -4.73874535e+00 -4.42236827e+00
 -4.09070657e+00 -3.82106782e+00 -3.61526394e+00 -3.44853173e+00
 -3.30572090e+00 -3.18241584e+00 -3.07454938e+00 -2.97935386e+00
 -2.89441660e+00 -2.81803911e+00 -2.74919580e+00 -2.68690820e+00
 -2.63053862e+00 -2.57944656e+00 -2.53314716e+00 -2.49126398e+00
 -2.45354816e+00 -2.41986740e+00 -2.39002755e+00 -2.36373916e+00
 -2.34073809e+00 -2.32079132e+00 -2.30371335e+00 -2.28933850e+00]
