-1.0616674179472145
-1.0600269084454277
-1.0604902061515589
-1.0601992631178945
-1.0593880183409903
-1.0606641081084258
-1.0591897053211143
-1.0588893945633706
-1.06027811511192
-1.0592540388661262
-1.0586656383715367
-1.060024347507172
-1.0583993025516591
-1.0577457391368557
-1.058235518134568
-1.0577653089882446
-1.0518688063317425
-1.058010476476375
-1.057364842144337
-1.0567218207093787
-1.0565241228830573
-1.0566036389287767
-1.0573385039227998
-1.0576484129186103
-1.0577123234476407
-1.055697668165902
-1.0546059108460974
-1.0563909311030288
-1.0558316634203997
-1.055816123209964
-1.0554762643972795
-1.054997444595772
-1.054346008782027
-1.0543946708120395
-1.0538415048351164
-1.0519416572893463
-1.0432615422946434
-1.051692416974191
-1.0511189799381475
-1.0504677315321869
-1.0502877214594784
-1.047114956026435
-1.0459822052103462
-1.0393421516754873
-1.047916694242984
-1.0370291911809344
-1.0275711700663894
-1.0372214592028428
-1.0337431657149176
-1.0414627283905589
-1.0472315442746098
-1.0446689329132912
-1.0272757053446602
-1.0435456998429968
-1.0395389668735298
-1.0373977643486492
-1.0392062558210384
-1.0324581536614297
-1.0440483803129703
-1.0420144752790075
-1.0365098025055328
-1.0374172250322935
-1.0433510586535115
-1.0395806582575087
-1.0366132986979901
-1.0372500186739486
-1.0361155137074776
-0.9789458773108383
-0.9927974646601389
-1.034114914602006
-1.0178610018761998
-1.0044242460714938
-0.9911702015116979
-0.9598545889149988
-1.0055804773685337
-0.9498782718314683
-0.9717537156892659
-1.0378979188937136
-1.0172596374924108
-1.0329189282482156
-0.9241593484057717
-1.0384935947532021
-0.9894398923302471
-1.025352855227325
-0.9923738708584033
-0.9771287817556921
-0.9891609788389719
-0.9724883849839844
-1.0199892044045884
-0.9899128217074749
-1.0078492994900772
-1.01860451961371
-1.0241875207383135
-1.0191309316384853
-1.0147114008317457
-1.0150026519086883
-1.025360783026055
-1.0288180635361799
-1.03435039477748
-1.0371335275293467
-1.0327535834736647
-1.0309649554691265
-1.0304107411248438
-1.0350656743173294
-0.9513140147701411
-1.030425873842096
-1.0215110297859455
-1.0245135488254637
-1.0178869064722305
-0.9855833194511915
-1.0248232749784507
0.1268367590223108
-1.0298490810134797
-1.0208537611954527
-1.0268436697474752
-0.9233326993065134
-1.022253696430309
-1.0221316020832973
-1.0129685159172128
-1.0219361270000356
-1.0218836153144026
-1.0094906986023104
-1.0196280237802116
-0.9624341811901971
-0.9992497825935347
-1.0103338124718189
-1.0174316960727876
-1.0299650871685058
-1.0185371791103586
-0.9825952343202242
-1.0259925191016424
-1.034504925249229
-0.9914552270341858
-1.029627654257074
-0.9809563512238074
-1.0194862074643662
-0.9091522645397774
-0.9032674012576173
-1.0049813965447292
-0.9900064643804637
-1.0231155688533748
-1.0172431036384901
-1.007708765753069
-1.008174560837106
-1.0234326399264813
-0.9459722284329275
-0.9438339771550338
-1.0106602102024589
-0.860048452110703
-0.6286934142030546
-0.4578421314837123
-0.3670164937672912
-0.25972923549134924
-0.17425052507989375
-0.11460874060582892
-0.05561558335257172
-0.029754012139124365
-0.2320924673442158
-0.4350776250735934
-0.37177010682173894
-0.914604886369107
-0.9815241852734311
-1.0061087519836764
-0.9696939081109123
-0.9777027618111909
-1.002186432362839
-0.9978997810114926
-0.9924169125473025
-0.9088922127709482
-0.9339122378927979
-0.9405179678366146
-1.0000827966375228
-0.9700835662351952
-0.9869537265541808
-0.9871434124260594
-0.998577255437382
-0.9842167762409059
-0.9580099349813254
-0.9715433280167123
-0.9622773872556096
-0.9421746681538772
-0.9765383934754479
-0.9548497200194501
-0.9631691410796112
-0.9631367079791038
-0.9370639899855818
-0.9856918651328124
-0.9749674650081479
-0.7136890573830026
-0.9816728621673938
-0.9540692742355011
-0.9873822535817302
-0.9229821907922994
-0.8933409370753037
-0.9084080632102024
-0.9825687423812438
-0.9758864416377022
-0.9080160372578443
-0.8954625098765409
-0.6299855835693116
-0.40589569604592596
-0.2622915362020103
-0.16228846021056562
0.10964061498591526
-0.2549069881468941
-0.6306043298894276
-0.6337388952962876
-0.6340731628033635
-0.5619992913433721
-0.39454323188088913
-0.15418059043078156
-0.07019700141118798
0.04943263951387359
0.0724592812588542
0.18780910318552518
0.2630495919725483
0.42253110843198494
0.5416339231548893
0.5666060026426836
0.6624842986685242
0.6046152764926244
0.6442832670833987
0.6244240157424552
0.607244365976976
0.6255266675646777
0.6288978889656415
0.6236010026778774
0.6632585757663488
0.6787365264830234
0.7308654134191557
0.7269192632813457
0.7711766840333936
0.7772311112316208
0.729458003282746
0.7597489443790002
0.7789527765236893
0.832634425369786
0.8440242143427261
0.8245565932321318
0.8533245192523664
0.8870719116889499
0.8527148432885184
0.8729960277906644
0.8457834254403309
0.8676269510716413
0.8949143823026326
0.8675156051677795
0.8586388499471325
0.8742571371887875
0.5238559281549935
0.9054466020061086
0.9247914206832426
0.941581725511166
0.9201054911046113
0.9129488345829803
0.9281264978089954
0.9262482264900074
0.9276127971062377
0.9562339660609598
0.9193393299601575
0.8786024002111553
0.8826249744856729
0.9115825722414147
0.8673825340511376
0.9192237068525156
0.9040931743891159
0.8078577553066156
0.8678584352108585
0.8353827880856838
0.8285025091254324
0.8366118257266035
0.7853765134435156
0.5603460089044578
-0.8824161911540803
-0.8591269063813772
-0.9444983817077325
-0.7477317626870419
-0.8124677838249237
-0.41851985842259337
0.29894615501062166
-0.2963307387365099
-0.2524720489505004
-0.06532538309446234
-0.08564522291221861
-0.004184283937056633
-0.044841944269474875
0.043562905485468414
0.1573862567068932
0.5295668157466423
0.8228890918194025
0.8173484545455643
0.8509554500034643
0.7815382900056298
0.8596071013680263
0.921196029849373
0.8846300432583485
0.9005777666060846
0.8913455146503592
0.7821562134050349
0.9346293388955467
0.9056437881246906
0.9410129045974067
0.9036000184892015
0.9252847342399418
0.9240547463501387
0.9093553389228294
0.9186536840618266
0.8824989712904445
0.8667076979257452
0.8756804708370467
0.8725401110275199
0.8249017408492348
0.8423102224461985
0.7600375739380628
0.4499420572871292
0.730962938694892
0.743174403308287
0.7328505454505388
0.7527613025347061
0.827375692904849
0.7928476954718475
0.7772114288585162
0.8067904857418644
0.8123121196382173
0.8054355253631388
0.820597744883778
0.8003907168522535
0.8129040419419111
0.3817478712485653
0.7380487935544038
0.7332848907700328
0.5808455550012444
0.5904964026349674
0.640996758453341
0.7504958265379618
0.787256506886767
0.8191446719501912
0.8304863946426059
0.8298637952511895
0.8168015665237144
0.7961309251852743
0.8837332786014558
0.8913782976305069
0.8439991064082144
0.9127603364101529
0.868195184406605
0.9213584834162316
0.9297406240899571
0.920439338344006
0.9126679581912126
0.8950830228553432
0.9040605690856657
0.924576862059747
0.9314688012583777
0.9556669102994914
0.929554358476354
0.9965633674255453
0.9428936892157584
0.9689883018428915
0.9636433764791886
0.933743168018355
0.9540473418894845
0.961397165897044
0.9407016377121927
0.9687009851180984
0.9371069932335859
0.975389515146629
0.9364270113882353
0.9277569854384873
0.9508570466072007
0.9441106541489129
0.9780380897170385
0.927956556157695
0.9604403888418541
0.9545090453428519
0.9405106543446206
0.9494000021682975
0.9404019975182177
0.949705635557825
0.9209250977671298
0.9304887472120627
0.9270762328172535
0.9261132528531458
0.9508297881726335
0.9481275744476292
0.9635039412485266
0.9496496769590737
0.9489249878156073
0.9435588712697167
0.9547248793774764
0.9459353729261498
0.9219948173305178
0.9280809646916065
0.9494793872479923
0.9555508303750716
0.923077308015703
0.9776352491546066
0.9305628259773951
0.9547849262259921
0.9444645668126352
