0.10827754141107
1940
[0.5043905  0.50452826 0.50466661 0.50480555 0.50494506 0.50508516
 0.50522583 0.50536708 0.5055089  0.5056513  0.50579426]
1940
[0.50247287 0.50261645 0.50276064 0.50290543 0.50305081 0.50319679
 0.50334336 0.50349052 0.50363827 0.5037866  0.50393552]
1940
[0.50052842 0.50067799 0.50082817 0.50097897 0.50113038 0.5012824
 0.50143503 0.50158826 0.50174209 0.50189653 0.50205156]
1940
[0.49855633 0.49871204 0.49886839 0.49902537 0.49918298 0.49934121
 0.49950006 0.49965954 0.49981963 0.49998033 0.50014165]
1940
[0.49655573 0.49671777 0.49688047 0.4970438  0.49720778 0.4973724
 0.49753765 0.49770354 0.49787007 0.49803722 0.498205  ]
1940
[0.49452572 0.49469428 0.4948635  0.49503339 0.49520392 0.49537512
 0.49554696 0.49571946 0.4958926  0.49606638 0.4962408 ]
1940
[0.49246537 0.49264064 0.49281659 0.49299322 0.49317051 0.49334848
 0.49352711 0.4937064  0.49388636 0.49406697 0.49424824]
1940
[0.4903737  0.49055589 0.49073877 0.49092235 0.49110661 0.49129156
 0.49147719 0.49166349 0.49185047 0.49203813 0.49222645]
1940
[0.48824968 0.48843902 0.48862907 0.48881982 0.48901127 0.48920342
 0.48939627 0.48958981 0.48978404 0.48997896 0.49017456]
1940
[0.48609229 0.48628901 0.48648646 0.48668463 0.48688351 0.48708311
 0.48728341 0.48748443 0.48768615 0.48788857 0.48809169]
1940
[0.48390045 0.48410482 0.48430992 0.48451576 0.48472233 0.48492963
 0.48513765 0.4853464  0.48555586 0.48576604 0.48597693]
1940
[0.4816731  0.48188539 0.48209843 0.48231222 0.48252675 0.48274203
 0.48295804 0.48317479 0.48339228 0.4836105  0.48382944]
1940
[0.47940917 0.47962968 0.47985095 0.48007299 0.48029579 0.48051934
 0.48074365 0.48096871 0.48119452 0.48142107 0.48164837]
1940
[0.47710763 0.47733669 0.47756653 0.47779714 0.47802853 0.47826069
 0.47849362 0.47872731 0.47896177 0.47919698 0.47943295]
1940
[0.47476753 0.4750055  0.47524425 0.4754838  0.47572414 0.47596527
 0.47620717 0.47644986 0.47669332 0.47693755 0.47718256]
1940
[0.47238805 0.47263531 0.47288338 0.47313226 0.47338194 0.47363242
 0.4738837  0.47413577 0.47438863 0.47464227 0.4748967 ]
1940
[0.46996858 0.47022557 0.47048339 0.47074203 0.47100148 0.47126175
 0.47152283 0.47178472 0.47204742 0.47231091 0.4725752 ]
1940
[0.46750882 0.46777603 0.46804408 0.46831296 0.46858268 0.46885322
 0.46912459 0.46939678 0.46966979 0.46994361 0.47021825]
1940
[0.465009   0.46528697 0.46556579 0.46584546 0.46612597 0.46640733
 0.46668953 0.46697256 0.46725642 0.46754111 0.46782663]
1940
[0.46247007 0.4627594  0.46304961 0.46334067 0.4636326  0.46392538
 0.46421901 0.4645135  0.46480883 0.465105   0.46540201]
1940
[0.45989411 0.46019551 0.46049778 0.46080094 0.46110496 0.46140986
 0.46171563 0.46202225 0.46232974 0.46263808 0.46294728]
1940
[0.45728488 0.45759913 0.45791428 0.45823031 0.45854723 0.45886504
 0.45918372 0.45950328 0.45982372 0.46014502 0.46046719]
1940
[0.45464866 0.45497668 0.4553056  0.45563543 0.45596616 0.45629779
 0.45663031 0.45696372 0.45729802 0.4576332  0.45796926]
1940
[0.45199555 0.4523384  0.45268217 0.45302686 0.45337247 0.45371898
 0.4540664  0.45441472 0.45476394 0.45511406 0.45546507]
1940
[0.44934151 0.44970045 0.45006033 0.45042113 0.45078286 0.45114551
 0.45150908 0.45187356 0.45223896 0.45260526 0.45297246]
1940
[0.44671162 0.44708814 0.4474656  0.44784399 0.44822333 0.4486036
 0.4489848  0.44936693 0.44974997 0.45013394 0.45051882]
1940
[0.44414519 0.44454106 0.44493787 0.44533564 0.44573436 0.44613402
 0.44653462 0.44693615 0.44733862 0.44774202 0.44814634]
1940
[0.44170402 0.44212136 0.44253967 0.44295894 0.44337916 0.44380034
 0.44422246 0.44464552 0.44506953 0.44549447 0.44592034]
1940
[0.43948518 0.43992656 0.44036891 0.44081223 0.4412565  0.44170174
 0.44214792 0.44259505 0.44304313 0.44349214 0.44394209]
1940
[0.43763938 0.43810782 0.43857723 0.4390476  0.43951892 0.43999121
 0.44046444 0.44093862 0.44141374 0.44188979 0.44236678]
1940
[0.43639174 0.43689062 0.43739046 0.43789126 0.438393   0.43889569
 0.43939931 0.43990387 0.44040936 0.44091577 0.4414231 ]
1940
[0.4360473  0.43658004 0.43711372 0.43764832 0.43818385 0.43872029
 0.43925765 0.43979591 0.44033508 0.44087514 0.44141609]
1940
[0.43693826 0.43750748 0.43807759 0.43864858 0.43922045 0.43979319
 0.44036679 0.44094125 0.44151656 0.44209271 0.4426697 ]
1940
[0.43927526 0.43988167 0.44048889 0.44109693 0.44170576 0.44231539
 0.4429258  0.44353699 0.44414894 0.44476166 0.44537514]
1940
[0.44298602 0.44362771 0.44427011 0.44491322 0.44555701 0.44620149
 0.44684665 0.44749247 0.44813894 0.44878606 0.44943382]
1940
[0.44772801 0.44840086 0.44907427 0.44974826 0.45042279 0.45109787
 0.45177348 0.45244962 0.45312627 0.45380341 0.45448105]
1940
[0.4530722  0.45377094 0.4544701  0.45516965 0.4558696  0.45656993
 0.45727063 0.45797169 0.45867309 0.45937482 0.46007687]
1940
[0.45865971 0.45937895 0.46009844 0.46081815 0.46153807 0.46225819
 0.4629785  0.46369899 0.46441963 0.46514042 0.46586134]
1940
[0.46424618 0.46498093 0.46571574 0.46645059 0.46718546 0.46792034
 0.46865522 0.46939007 0.47012489 0.47085966 0.47159436]
1940
[0.46968265 0.47042851 0.47117423 0.47191979 0.47266518 0.47341039
 0.47415539 0.47490017 0.47564471 0.476389   0.47713302]
1940
[0.47488442 0.47563757 0.47639037 0.47714283 0.47789492 0.47864662
 0.47939791 0.48014879 0.48089922 0.4816492  0.48239871]
1940
[0.47980649 0.48056365 0.48132028 0.48207635 0.48283186 0.48358678
 0.4843411  0.48509479 0.48584785 0.48660024 0.48735196]
1940
[0.48442766 0.48518603 0.48594367 0.48670056 0.48745669 0.48821203
 0.48896658 0.4897203  0.49047318 0.4912252  0.49197635]
1940
[0.48874078 0.48949794 0.49025419 0.4910095  0.49176385 0.49251723
 0.49326961 0.49402098 0.49477131 0.49552058 0.49626878]
1940
[0.49274689 0.49350078 0.49425358 0.49500525 0.49575578 0.49650514
 0.49725331 0.49800028 0.49874603 0.49949052 0.50023375]
1940
[0.4964518  0.49720065 0.49794822 0.49869448 0.49943942 0.50018301
 0.50092523 0.50166606 0.50240548 0.50314347 0.50388   ]
1940
[0.46477548 0.52977879 0.46635318 0.5309559  0.46792907 0.53212236
 0.46950304 0.53327801 0.47107495 0.53442268 0.47264467]
1940
[0.44767451 0.54130783 0.44923765 0.54215543 0.45080026 0.54298969
 0.45236223 0.54381049 0.45392346 0.54461768 0.45548386]
1940
[0.4374187  0.54242701 0.43895325 0.5429814  0.44048774 0.54352139
 0.44202212 0.54404689 0.44355628 0.5445578  0.44509016]
1940
[0.52433517 0.42601026 0.54144646 0.44656575 0.52432496 0.42886781
 0.54288119 0.44974766 0.52426129 0.43172636 0.5442592 ]
1940
[0.41892497 0.5301859  0.47627225 0.5355936  0.43234242 0.49791465
 0.42464942 0.5418289  0.45460809 0.47668809 0.42577908]
1940
[-0.53532334 -0.69363203 -0.69008138 -0.74752339 -0.46114254 -0.67827916
 -0.70876662 -0.74954923 -0.58186573 -0.71491791 -0.55876844]
1940
[-0.10425409 -0.10247101 -0.10069516 -0.09892649 -0.09716498 -0.09541059
 -0.0936633  -0.09192307 -0.09018988 -0.08846369 -0.08674447]
1940
[-0.10924525 -0.10743905 -0.1056402  -0.10384868 -0.10206446 -0.10028751
 -0.0985178  -0.0967553  -0.09499997 -0.09325179 -0.09151073]
1940
[-0.11413106 -0.1123019  -0.11048022 -0.10866602 -0.10685924 -0.10505988
 -0.10326789 -0.10148325 -0.09970592 -0.09793589 -0.09617311]
1940
[-0.11891621 -0.11706426 -0.11521993 -0.11338319 -0.11155403 -0.1097324
 -0.10791829 -0.10611165 -0.10431247 -0.10252072 -0.10073636]
1940
[-0.12360498 -0.12173042 -0.11986361 -0.11800452 -0.11615313 -0.11430941
 -0.11247332 -0.11064485 -0.10882397 -0.10701063 -0.10520483]
1940
[-0.12820132 -0.12630434 -0.12441523 -0.12253397 -0.12066052 -0.11879487
 -0.11693698 -0.11508683 -0.11324439 -0.11140963 -0.10958253]
1940
[-0.13270889 -0.13078968 -0.12887845 -0.12697519 -0.12507986 -0.12319244
 -0.12131292 -0.11944125 -0.11757741 -0.11572139 -0.11387314]
1940
[-0.13713106 -0.1351898  -0.13325664 -0.13133156 -0.12941453 -0.12750553
 -0.12560454 -0.12371152 -0.12182645 -0.11994931 -0.11808007]
1940
[ 0.43171422 -0.74181956  0.55266296  0.43428528 -0.74120937  0.55131487
  0.43685046 -0.74050774  0.54991316  0.43940951 -0.7397146 ]
1940
[-0.14573151 -0.14374675 -0.1417703  -0.13980214 -0.13784226 -0.13589062
 -0.13394721 -0.132012   -0.13008497 -0.12816609 -0.12625535]
1940
[-0.14991545 -0.14790923 -0.14591142 -0.143922   -0.14194097 -0.13996828
 -0.13800393 -0.13604788 -0.13410013 -0.13216063 -0.13022937]
1940
[-0.15402532 -0.15199783 -0.14997886 -0.14796838 -0.14596637 -0.14397282
 -0.14198771 -0.140011   -0.13804269 -0.13608274 -0.13413114]
1940
[-0.15806353 -0.15601497 -0.15397502 -0.15194366 -0.14992088 -0.14790664
 -0.14590094 -0.14390375 -0.14191505 -0.13993482 -0.13796304]
1940
[-0.16203231 -0.15996288 -0.15790215 -0.15585011 -0.15380672 -0.15177199
 -0.14974588 -0.14772839 -0.14571948 -0.14371913 -0.14172734]
1940
[-0.16593379 -0.16384369 -0.16176237 -0.15968983 -0.15762604 -0.15557099
 -0.15352466 -0.15148703 -0.14945808 -0.1474378  -0.14542616]
1940
[-0.16976998 -0.1676594  -0.16555769 -0.16346484 -0.16138083 -0.15930564
 -0.15723926 -0.15518168 -0.15313287 -0.15109281 -0.1490615 ]
1940
[-0.17354277 -0.17141191 -0.16928999 -0.16717702 -0.16507297 -0.16297783
 -0.16089159 -0.15881423 -0.15674573 -0.15468607 -0.15263524]
1940
[-0.17725396 -0.175103   -0.17296108 -0.17082817 -0.16870427 -0.16658936
 -0.16448343 -0.16238647 -0.16029845 -0.15821936 -0.15614919]
1940
[-0.18090524 -0.17873439 -0.17657264 -0.17441999 -0.17227642 -0.17014192
 -0.16801648 -0.16590009 -0.16379272 -0.16169438 -0.15960503]
1940
[ 0.04169346  0.16914831 -0.42107331  0.04891247  0.17070629 -0.41216277
  0.05609397  0.17223282 -0.40328844  0.06323952  0.17372826]
1940
[-0.13987891 -0.13789939 -0.13592897 -0.13396763 -0.13201533 -0.13007207
 -0.12813781 -0.12621254 -0.12429623 -0.12238885 -0.12049039]
1940
[-0.11910419 -0.11722008 -0.11534496 -0.1134788  -0.11162159 -0.10977329
 -0.10793389 -0.10610334 -0.10428163 -0.10246873 -0.10066461]
1940
[-0.27245802 -0.26984345 -0.26723745 -0.26464006 -0.26205131 -0.25947123
 -0.25689984 -0.25433717 -0.25178325 -0.2492381  -0.24670174]
1940
[-0.28721366 -0.28452938 -0.28185344 -0.27918588 -0.27652673 -0.27387604
 -0.27123384 -0.26860017 -0.26597506 -0.26335854 -0.26075064]
1940
[-0.08001073 -0.07829835 -0.07659471 -0.07489977 -0.0732135  -0.07153587
 -0.06986685 -0.0682064  -0.0665545  -0.06491112 -0.06327621]
1940
[-0.07011024 -0.06843941 -0.06677724 -0.06512369 -0.06347874 -0.06184235
 -0.06021449 -0.05859513 -0.05698423 -0.05538177 -0.05378771]
1940
[-0.06106638 -0.05943273 -0.05780766 -0.05619115 -0.05458316 -0.05298366
 -0.05139262 -0.04981    -0.04823577 -0.0466699  -0.04511236]
1940
[-0.0526917  -0.05109178 -0.04950038 -0.04791747 -0.04634301 -0.04477697
 -0.04321932 -0.04167003 -0.04012906 -0.03859638 -0.03707196]
1940
[-0.34292564 -0.33998742 -0.33705618 -0.33413202 -0.33121502 -0.32830525
 -0.3254028  -0.32250773 -0.31962012 -0.31674004 -0.31386755]
1940
[-0.0374699  -0.03592949 -0.03439749 -0.03287384 -0.03135853 -0.02985151
 -0.02835276 -0.02686224 -0.02537992 -0.02390576 -0.02243973]
1940
[-0.3607733  -0.35775779 -0.35474867 -0.35174605 -0.34875003 -0.34576069
 -0.34277813 -0.33980244 -0.33683371 -0.33387202 -0.33091745]
1940
[-0.36911225 -0.36606144 -0.36301673 -0.35997821 -0.356946   -0.35392019
 -0.35090088 -0.34788817 -0.34488216 -0.34188293 -0.33889058]
1940
[-0.37712287 -0.37403869 -0.37096028 -0.36788777 -0.36482127 -0.36176088
 -0.35870671 -0.35565887 -0.35261745 -0.34958256 -0.34655428]
1940
[-0.01120581 -0.0097623  -0.00832697 -0.0068998  -0.00548075 -0.00406979
 -0.00266688 -0.00127199  0.00011492  0.00149387  0.00286489]
1940
[-0.39229348 -0.38914759 -0.38600685 -0.38287137 -0.37974128 -0.37661671
 -0.37349778 -0.3703846  -0.3672773  -0.36417598 -0.36108075]
1940
[0.00048568 0.00188854 0.00328332 0.00467003 0.00604871 0.00741939
 0.00878211 0.0101369  0.01148379 0.01282282 0.01415401]
1940
[-0.40896623 -0.39459016 -0.40267427 -0.38813271 -0.39640135 -0.38169502
 -0.39014857 -0.37527816 -0.38391701 -0.36888313 -0.37770766]
1940
[-0.04229687  0.04514504 -0.03908717  0.04757428 -0.03591352  0.04997448
 -0.03277566  0.05234589 -0.02967333  0.05468876 -0.02660625]
1940
[ 0.05416089 -0.05130392  0.05653112 -0.04800249  0.05887279 -0.04473798
  0.06118615 -0.04151014  0.06347144 -0.03831871  0.0657289 ]
1940
[-0.41803938 -0.40609862 -0.42463076 -0.38751755 -0.40559429 -0.39284898
 -0.41196265 -0.37424867 -0.39322934 -0.37967279 -0.39936605]
1940
[-0.4402929  -0.40671076 -0.42933571 -0.38583447 -0.40229976 -0.406268
 -0.42171356 -0.38025047 -0.4029107  -0.37541637 -0.39879665]
1940
[-0.44453229 -0.4208171  -0.44253545 -0.38312622 -0.39448279 -0.42456051
 -0.41561814 -0.4204032  -0.4009385  -0.41974024 -0.36715928]
1940
[-0.06976336  0.09516269 -0.11912839  0.0383393   0.05426386  0.01630231
  0.08473044 -0.05921965  0.10124599 -0.1013303   0.05362471]
1940
[ 0.03227305  0.05985094  0.00379008  0.10321722 -0.12941276  0.02727687
  0.09326512 -0.07492315  0.09993196 -0.08063323  0.09205428]
1940
[-0.28811635 -0.35360328 -0.45364796 -0.35796023 -0.28911606 -0.3472164
 -0.44562752 -0.33114359 -0.22539857 -0.197721   -0.12766064]
1940
[-0.48290749 -0.31886714 -0.07415849  0.14072376 -0.26566258 -0.3098307
 -0.39680012 -0.44797962 -0.40599717 -0.445708   -0.31178829]
1940
[-0.40279862 -0.47798158 -0.41234635 -0.44219997 -0.40505126 -0.43429645
 -0.4022527  -0.43687293 -0.37031603 -0.36373846 -0.45855536]
1940
[ 8.00559169e-02 -3.73264181e-04  1.58285666e-01 -3.42415908e-01
 -4.67052975e-01 -3.10361628e-01 -5.23703434e-02  1.77987518e-01
 -4.03813985e-01 -4.17840765e-01 -4.61409860e-01]
1940
[ 0.39249765  0.30572499  0.38513419  0.53888723 -0.57351552  0.60224983
 -0.59223889  0.41748447  0.03568464  0.14345402 -0.20315047]
1940
[-0.3358526  -0.0590227   0.20025365 -0.52147949  0.21474002  0.46770214
  0.1058956  -0.16378659  0.0030174   0.20450959 -0.50285474]
1940
[-0.58980739 -0.05236374  0.48197402  0.14754648  0.49975263 -0.03224941
  0.49602411 -0.14305048  0.46094995  0.40530049  0.21616423]
1940
[ 0.06445215  0.11151374 -0.04950088  0.21602015 -0.56725833  0.53514157
 -0.56191719  0.54733632 -0.59129356  0.60324272 -0.66913561]
1940
[-0.49020579 -0.34557723 -0.06024622  0.23534759 -0.62814106  0.59633798
 -0.71237341  0.51824822 -0.42279001 -0.4272393  -0.48872121]
1940
[-0.69325143  0.51478989 -0.48050063 -0.26395338  0.27409619 -0.69824944
  0.48490083 -0.21692038 -0.13124711  0.13689376 -0.0639282 ]
1940
[-0.48254815 -0.41194948 -0.36900074 -0.51398324 -0.1678143   0.44282784
 -0.08578291  0.49315054 -0.48976614 -0.51426847 -0.07781564]
1940
[-0.03640472  0.49299683 -0.59057076 -0.18867063  0.4327139  -0.20943036
  0.44468322 -0.20888645  0.4390597  -0.20185202  0.43929588]
1940
[ 0.28657647 -0.73316172  0.32670042  0.43454058 -0.00174761  0.49869482
 -0.69558305  0.55916498 -0.6179801   0.53681037 -0.4774067 ]
1940
[ 0.44551154 -0.11005959  0.49027772 -0.68176538  0.57392921 -0.70628231
  0.33428302  0.447422   -0.08530173  0.49512804 -0.65999204]
1940
[-0.44866293 -0.53669112 -0.44750381 -0.48783522 -0.39911545 -0.29335503
 -0.33302929 -0.46444748 -0.42732075 -0.47379456 -0.34879883]
1940
[-0.32318157 -0.39790854 -0.56941528  0.11176752  0.49923084 -0.74188802
  0.29533666  0.48967481 -0.51445092 -0.54951408  0.05548693]
1940
[-0.46271417 -0.55397699 -0.38050693 -0.10623618  0.27658443 -0.70337645
  0.28415955  0.4962846  -0.62800638  0.3212771   0.47994264]
1940
[-0.77143651  0.0651552   0.48973119 -0.76514403  0.07475712  0.49271593
 -0.75865739  0.08430492  0.49565369 -0.75198042  0.09380031]
1940
[ 0.02026389  0.4843041  -0.7675292   0.03019187  0.48741637 -0.76120368
  0.04005843  0.49048241 -0.75468885  0.04986526  0.49350166]
1940
[-1.04459657e-02  4.81010728e-01 -7.67019704e-01 -2.75179351e-04
  4.84191598e-01 -7.60730014e-01  9.82949765e-03  4.87326479e-01
 -7.54252922e-01  1.98696504e-02  4.90414820e-01]
1940
[-0.03600831  0.47831012 -0.76612939 -0.02562582  0.48153943 -0.75984618
 -0.01531302  0.48472282 -0.75337726 -0.00506848  0.48785975]
1940
[-0.76908273 -0.0548633   0.47709551 -0.76291236 -0.04431331  0.48034565
 -0.75655534 -0.03383541  0.48354964 -0.75001555 -0.02342826]
1940
[ 0.4760929  -0.78055828 -0.12107716  0.4791113  -0.7746734  -0.11005927
  0.48208279 -0.76859311 -0.09911838  0.48500689 -0.76232078]
1940
[ 0.47561107 -0.79161662 -0.17390333  0.47832083 -0.78598943 -0.16252082
  0.48098276 -0.78015783 -0.15121579  0.48359643 -0.77412469]
1940
[ 0.4634833  -0.71217056  0.08144156  0.46731941 -0.70462777  0.09122259
  0.47111065 -0.69694223  0.10094792  0.47485649 -0.68911995]
1940
[-0.69210358  0.12578738  0.46683508 -0.70039098  0.08752932  0.46560616
 -0.67608929  0.14477892  0.47447832 -0.68469406  0.10704407]
1940
[-0.80583044 -0.23353056  0.47064127 -0.79880868 -0.27598655  0.44888127
 -0.79458037 -0.20989397  0.47550392 -0.78780058 -0.25202698]
1940
[-0.80979884 -0.28210498  0.45456511 -0.80547776 -0.29239404  0.43830656
 -0.79895236 -0.25794814  0.45844839 -0.79450305 -0.26820488]
1940
[-0.80883249 -0.3459496   0.38013803 -0.80379213 -0.33361358  0.38165124
 -0.79853857 -0.3213256   0.38312064 -0.79307375 -0.3090897 ]
1940
[-0.59116734 -0.02187725  0.44598266 -0.584671    0.00173653  0.44917788
 -0.56373268 -0.04671994  0.45913669 -0.61770349  0.13511615]
1940
[-0.80784052 -0.40302682  0.21211345 -0.10031491  0.39050327 -0.80754993
 -0.39237536  0.16575391  0.23427582 -0.29944185 -0.3512641 ]
1940
[ 0.05111992  0.43302757 -0.81966886 -0.42560286  0.05728591  0.4351096
 -0.81316475 -0.40893948  0.06329839  0.43710485 -0.80626473]
1940
[-0.02528268  0.44258601 -0.82121205 -0.470165   -0.25925923 -0.01589286
  0.44554051 -0.81340514 -0.44942891 -0.2450537  -0.00678096]
1940
[ 0.41767157 -0.24660367  0.0567962   0.44218329 -0.82099241 -0.4902533
 -0.43857908 -0.67411466  0.09072933  0.43189818 -0.22226968]
1940
[-0.16900555  0.33021619 -0.74910277 -0.26682153  0.4628581  -0.77748921
 -0.38687951  0.258203   -0.32481227 -0.44433398 -0.66549503]
1940
[ 0.45788237 -0.76664563 -0.35223087  0.41185315 -0.81110971 -0.51431752
 -0.55435223 -0.30971675  0.42330472 -0.80447464 -0.49808069]
1940
[-0.02674304  0.40521401 -0.04788591  0.44586047 -0.81777732 -0.55173015
 -0.67095931 -0.00119605  0.41665641 -0.03438833  0.4504502 ]
1940
[-0.58087714 -0.70056541 -0.05322957  0.40738679 -0.01674634  0.45533542
 -0.81165165 -0.55290464 -0.67982984 -0.02713579  0.41875503]
1940
[ 4.03130203e-01 -1.25931183e-02  4.56176760e-01 -8.12308468e-01
 -5.69642330e-01 -6.96272403e-01 -6.99769853e-02  4.14537531e-01
 -4.97101252e-05  4.61431665e-01 -8.00982368e-01]
1940
[-0.12491259  0.4072354  -0.02053784  0.45728241 -0.80559428 -0.56547861
 -0.69551622 -0.09747482  0.41847605 -0.00771073  0.46270968]
1940
[ 0.44924439 -0.80802489 -0.5848333  -0.7139769  -0.14268177  0.41812316
 -0.04953079  0.45467104 -0.79634855 -0.55684692 -0.69367999]
1940
[-0.61766004 -0.71947501 -0.10521685  0.39659147  0.17526234  0.34123788
 -0.73228705 -0.35869557  0.40371603 -0.77927268 -0.52102267]
1940
[-0.11251468  0.43454461 -0.80329945 -0.59958366 -0.72341282 -0.1719177
  0.42084412 -0.019872    0.4631859  -0.77001713 -0.50931638]
1940
[-0.21565515  0.4211775  -0.12388115  0.42888446 -0.79573486 -0.5930654
 -0.72283029 -0.20130241  0.43289828 -0.13255872  0.41147047]
1940
[-0.45378036 -0.73423313 -0.29491522  0.44553848 -0.53793519 -0.55255845
 -0.70661894 -0.24380893  0.44412034 -0.33217201 -0.45555391]
1940
[-0.34954079  0.44317217 -0.70834728 -0.34872983  0.44194099 -0.73200248
 -0.42800603  0.22272117  0.28094459 -0.25902995  0.02297845]
1940
[-0.75321738 -0.35215414  0.44270063 -0.69061875 -0.32566271  0.4476385
 -0.63950602 -0.25318262  0.441755   -0.25483497  0.05688258]
1940
[ 0.43703815 -0.43015558 -0.72553089 -0.35164977  0.44204801 -0.68325565
 -0.33212113  0.44654042 -0.65727082 -0.28718465  0.45146033]
1940
[-0.37571219  0.43442227 -0.6990093  -0.38106478  0.42308172 -0.72655124
 -0.46275738  0.03488052  0.46498047 -0.5579373  -0.43154193]
1940
[-0.60267742 -0.42899273  0.32273261 -0.41976545 -0.71632461 -0.37754628
  0.42300265 -0.70636821 -0.42943803  0.22723378  0.34782462]
1940
[ 0.42116369 -0.69869929 -0.41514872  0.38465681 -0.67227048 -0.36714748
  0.43282745 -0.66434821 -0.35556611  0.43429341 -0.66027187]
1940
[-0.42321981  0.38981884 -0.67070317 -0.38472904  0.42551257 -0.66246931
 -0.37234003  0.42736192 -0.6558024  -0.36178687  0.42735051]
1940
[-0.40713607  0.41556807 -0.66012654 -0.39369073  0.41828513 -0.65115353
 -0.38026622  0.42094539 -0.64207939 -0.36686936  0.42354879]
1940
[ 0.43569803 -0.75975692 -0.6212044  -0.77417252 -0.54865643 -0.5604062
 -0.60845642 -0.75637958 -0.45153706  0.16558834  0.46734847]
1940
[-0.33983498 -0.2769598   0.17826572  0.45445552 -0.69058717 -0.47279923
  0.0983575   0.45855525 -0.20275059  0.35309768 -0.41268527]
1940
[-0.41595542 -0.69677774 -0.45534971  0.30143682  0.02036527  0.4455957
 -0.00368096  0.44765628 -0.02536765  0.45058343 -0.07848516]
1940
[ 0.434844    0.04406374  0.44084178  0.06162156  0.44573479  0.03689793
  0.44510309  0.08356678  0.45399394 -0.0027051   0.44898614]
1940
[-0.47661603  0.25202497  0.35799481 -0.52438198 -0.75463987 -0.43893984
  0.34418396 -0.21765724  0.34047594 -0.19882753  0.37257168]
1940
[-0.75464991 -0.43390858  0.39925498 -0.45819665 -0.78551082 -0.67584869
 -0.65013032 -0.68532659 -0.452812    0.17337956  0.46584119]
1940
[-0.30550174  0.04131317  0.42587822  0.32904276 -0.22703583  0.34746667
 -0.18810662  0.40713784 -0.45309473 -0.78394067 -0.68067708]
1940
[-0.50731549  0.12452468  0.44061609  0.22070239  0.43480711 -0.61655371
 -0.53336502 -0.47673127 -0.79221195 -0.69559677 -0.47263654]
1940
[-0.44887051 -0.75958667 -0.67007698 -0.77039224 -0.54150458 -0.38408626
 -0.57757492 -0.63750582 -0.76086182 -0.53916644 -0.54551376]
1940
[-0.63293841 -0.8075835  -0.75046916 -0.45801152  0.33953116  0.03241945
  0.42172605  0.42205035 -0.58241067 -0.59584896 -0.78765845]
1940
[-0.7277278  -0.52568178 -0.10477795  0.42532674  0.31638789  0.07525886
  0.42291604  0.43278001 -0.54893807 -0.69518941 -0.48923304]
1940
[-0.80359718 -0.7717926  -0.50967596  0.09681235  0.41606343  0.44668656
 -0.46109303 -0.80252132 -0.76707998 -0.52038233 -0.32690512]
1940
[ 0.40586464 -0.47889646 -0.81536484 -0.79346629 -0.59597794 -0.73211521
 -0.67148926 -0.74640147 -0.52362166 -0.30983917 -0.07313133]
1940
[-0.77695302 -0.54677995 -0.21762367  0.40541652 -0.07268255  0.41535918
  0.43885397 -0.40341182 -0.7096341  -0.65081331 -0.77250001]
1940
[-0.81946775 -0.76579503 -0.5446453  -0.2373683   0.37936616  0.02004922
  0.39842278  0.45953001  0.20164317  0.45507877  0.28022649]
1940
[ 0.33377456  0.10753234  0.40212359  0.45413779  0.18557954  0.44191194
  0.39073686 -0.24125591  0.33733645  0.27490252  0.4234155 ]
1940
[ 0.4028981   0.09809541  0.39334445  0.44732654  0.36644229 -0.05423879
  0.4009351   0.4578894   0.25423238  0.45010383 -0.06818433]
1940
[-0.21413495  0.40927601  0.18312936  0.43029439  0.44043808 -0.15563699
  0.42442195  0.3775938  -0.05084568  0.40303076  0.45853379]
1940
[ 0.42296382  0.44385567 -0.00533975  0.37395122  0.4251931   0.45453036
  0.23563883  0.45196138  0.30132243  0.39217569 -0.04831329]
1940
[ 0.3911779  -0.07120713  0.38263583  0.43432177  0.44695074  0.06172717
  0.37386464  0.41361967  0.44573833  0.44690214 -0.00512172]
1940
[-0.07007211  0.37483481  0.42055893  0.44823781  0.37271429  0.09775314
  0.37555897  0.40689661  0.43347798  0.45743392  0.35596004]
1940
[ 0.41292457 -0.01038995  0.35609464  0.38573023  0.40351812  0.42564304
  0.44967063  0.41673975  0.00514279  0.37037492  0.39969604]
1940
[0.29580066 0.29824721 0.30068627 0.30311786 0.30554202 0.30795877
 0.31036814 0.31277015 0.31516482 0.31755217 0.31993224]
1940
[0.26574205 0.26829531 0.27084076 0.27337844 0.27590838 0.27843061
 0.28094516 0.28345208 0.2859514  0.28844315 0.29092735]
1940
[0.24591328 0.2485359  0.25115043 0.25375689 0.25635535 0.25894583
 0.26152837 0.26410302 0.26666982 0.26922879 0.27177999]
1940
[0.22982689 0.23250597 0.23517669 0.23783908 0.2404932  0.24313909
 0.2457768  0.24840636 0.25102782 0.25364122 0.25624661]
1940
[0.21587776 0.21860629 0.2213262  0.22403753 0.22674034 0.22943466
 0.23212056 0.23479807 0.23746724 0.24012812 0.24278076]
1940
[0.20336346 0.20613694 0.20890154 0.21165733 0.21440434 0.21714263
 0.21987225 0.22259325 0.22530568 0.22800959 0.23070502]
1940
[0.19190076 0.19471602 0.19752217 0.20031925 0.20310732 0.20588643
 0.20865664 0.211418   0.21417056 0.21691437 0.21964949]
1940
[0.1812529  0.18410758 0.1869529  0.18978893 0.19261572 0.19543331
 0.19824178 0.20104116 0.20383153 0.20661292 0.2093854 ]
1940
[0.17126124 0.1741535  0.17703618 0.17990933 0.182773   0.18562727
 0.18847218 0.19130778 0.19413415 0.19695133 0.19975937]
1940
[0.16181324 0.16474161 0.16766016 0.17056896 0.17346808 0.17635755
 0.17923745 0.18210784 0.18496876 0.18782029 0.19066247]
1940
[0.15282554 0.15578879 0.15874202 0.16168528 0.16461863 0.16754212
 0.17045583 0.17335981 0.17625411 0.17913881 0.18201395]
1940
[0.14423432 0.14723146 0.15021835 0.15319505 0.15616163 0.15911815
 0.16206467 0.16500125 0.16792795 0.17084483 0.17375196]
1940
[0.13598944 0.13901959 0.14203927 0.14504857 0.14804753 0.15103622
 0.15401471 0.15698305 0.15994131 0.16288954 0.16582782]
1940
[0.1280506  0.131113   0.13416474 0.13720588 0.14023649 0.14325663
 0.14626635 0.14926573 0.15225482 0.1552337  0.15820241]
1940
[0.12038483 0.12347883 0.12656197 0.12963432 0.13269593 0.13574686
 0.13878719 0.14181698 0.14483628 0.14784517 0.15084371]
1940
[0.11296476 0.11608978 0.11920375 0.12230672 0.12539876 0.12847994
 0.13155031 0.13460995 0.13765891 0.14069727 0.14372507]
1940
[0.10576735 0.10892287 0.11206715 0.11520024 0.11832221 0.12143312
 0.12453304 0.12762204 0.13070017 0.1337675  0.13682409]
1940
[0.098773   0.10195856 0.10513268 0.10829543 0.11144687 0.11458707
 0.11771609 0.12083399 0.12394085 0.12703672 0.13012167]
1940
[0.09196485 0.09518002 0.09838357 0.10157556 0.10475606 0.10792513
 0.11108284 0.11422926 0.11736444 0.12048846 0.12360138]
1940
[0.08532829 0.08857268 0.09180527 0.09502613 0.09823531 0.10143289
 0.10461892 0.10779348 0.11095663 0.11410844 0.11724897]
1940
[0.07885056 0.08212382 0.08538509 0.08863446 0.09187198 0.09509771
 0.09831174 0.10151411 0.10470489 0.10788416 0.11105197]
1940
[0.07252042 0.07582221 0.07911184 0.08238939 0.08565493 0.08890851
 0.09215021 0.09538008 0.0985982  0.10180462 0.10499942]
1940
[0.06632793 0.06965793 0.07297562 0.07628106 0.07957431 0.08285545
 0.08612453 0.08938162 0.09262678 0.09586008 0.09908159]
1940
[0.06026422 0.06362215 0.0669676  0.07030065 0.07362135 0.07692976
 0.08022595 0.08350999 0.08678194 0.09004186 0.09328982]
1940
[0.05432136 0.05770695 0.06107991 0.06444029 0.06778817 0.07112361
 0.07444666 0.0777574  0.08105588 0.08434218 0.08761636]
1940
[0.04849224 0.05190523 0.05530543 0.05869291 0.06206773 0.06542994
 0.06877961 0.07211681 0.0754416  0.07875405 0.08205421]
1940
[0.04277041 0.04621056 0.04963777 0.0530521  0.05645362 0.05984238
 0.06321845 0.06658189 0.06993277 0.07327115 0.07659709]
1940
[0.03715005 0.04061712 0.04407111 0.04751207 0.05094007 0.05435516
 0.05775741 0.06114689 0.06452364 0.06788775 0.07123927]
1940
[0.03162584 0.03511962 0.03860016 0.04206754 0.04552181 0.04896302
 0.05239125 0.05580656 0.05920899 0.06259863 0.06597553]
1940
[0.02619294 0.02971321 0.0332201  0.03671369 0.04019402 0.04366117
 0.04711518 0.05055612 0.05398405 0.05739904 0.06080114]
1940
[0.02084692 0.02439347 0.02792651 0.03144611 0.03495231 0.03844519
 0.0419248  0.0453912  0.04884444 0.0522846  0.05571173]
1940
[0.0155837  0.01915633 0.02271533 0.02626074 0.02979264 0.03331107
 0.03681609 0.04030777 0.04378615 0.04725131 0.0507033 ]
1940
[0.01039953 0.01399805 0.01758281 0.02115387 0.02471127 0.02825508
 0.03178534 0.03530212 0.03880548 0.04229548 0.04577217]
1940
[0.00529095 0.00891518 0.01252553 0.01612204 0.01970477 0.02327378
 0.02682912 0.03037084 0.03389901 0.03741369 0.04091492]
1940
[0.00025475 0.00390451 0.00754027 0.01116206 0.01476996 0.018364
 0.02194425 0.02551076 0.02906359 0.03260279 0.03612842]
1940
[-0.00471202 -0.00103691  0.00262408  0.00627099  0.00990389  0.01352281
  0.01712781  0.02071895  0.02429627  0.02785985  0.03140973]
1940
[-0.00961214 -0.00591184 -0.00222579  0.00144608  0.00510381  0.00874745
  0.01237705  0.01599266  0.01959435  0.02318215  0.02675614]
1940
[-0.01444816 -0.01072285 -0.00701189 -0.00331523  0.00036717  0.00403538
  0.00768942  0.01132937  0.01495527  0.01856717  0.02216513]
1940
[-0.01922248 -0.01547233 -0.01173663 -0.00801533 -0.0043084  -0.00061578
  0.00306257  0.0067267   0.01037667  0.01401252  0.01763432]
1940
[-0.02393734 -0.0201625  -0.01640221 -0.01265644 -0.00892513 -0.00520824
 -0.00150574  0.00218244  0.00585634  0.00951602  0.01316152]
1940
[-0.02859483 -0.02479546 -0.02101074 -0.01724063 -0.0134851  -0.00974409
 -0.00601757 -0.00230548  0.00139222  0.00507558  0.00874466]
1940
[-0.03319691 -0.02937316 -0.02556417 -0.02176988 -0.01799026 -0.01422527
 -0.01047487 -0.00673901 -0.00301764  0.00068928  0.0043818 ]
1940
[-3.77454130e-02 -3.38974470e-02 -3.00643202e-02 -2.62459972e-02
 -2.24424402e-02 -1.86536100e-02 -1.48794653e-02 -1.11199635e-02
 -7.37505984e-03 -3.64470840e-03  7.11384756e-05]
1940
[-0.04224207 -0.03837004 -0.03451293 -0.03067071 -0.02684336 -0.02303082
 -0.01923307 -0.01545006 -0.01168175 -0.00792809 -0.00418904]
1940
[-0.04668852 -0.04279256 -0.03891161 -0.03504565 -0.03119463 -0.02735853
 -0.0235373  -0.01973091 -0.01593932 -0.01216247 -0.00840034]
1940
[-0.05108627 -0.04716654 -0.0432619  -0.03937233 -0.03549779 -0.03163825
 -0.02779368 -0.02396403 -0.02014928 -0.01634937 -0.01256428]
1940
[-0.05543678 -0.05149342 -0.04756523 -0.04365219 -0.03975426 -0.03587142
 -0.03200363 -0.02815086 -0.02431307 -0.02049022 -0.01668228]
1940
[-0.05974141 -0.05577457 -0.05182297 -0.04788659 -0.04396541 -0.04005939
 -0.03616851 -0.03229274 -0.02843204 -0.02458636 -0.02075569]
1940
[-0.06400145 -0.06001126 -0.05603639 -0.05207681 -0.04813251 -0.04420345
 -0.04028961 -0.03639095 -0.03250746 -0.02863908 -0.02478578]
1940
[-0.06821811 -0.06420472 -0.06020671 -0.05622407 -0.05225678 -0.0483048
 -0.04436812 -0.04044671 -0.03654054 -0.03264957 -0.02877377]
1940
[-0.07239255 -0.0683561  -0.06433509 -0.06032952 -0.05633936 -0.0523646
 -0.04840521 -0.04446116 -0.04053242 -0.03661898 -0.03272078]
1940
[-0.07652586 -0.07246648 -0.06842261 -0.06439424 -0.06038135 -0.05638393
 -0.05240194 -0.04843537 -0.0444842  -0.04054839 -0.03662791]
1940
[-0.08061907 -0.07653691 -0.07247031 -0.06841927 -0.06438378 -0.06036381
 -0.05635936 -0.05237039 -0.04839689 -0.04443883 -0.04049619]
1940
[-0.08467317 -0.08056836 -0.07647917 -0.07240559 -0.06834762 -0.06430524
 -0.06027844 -0.05626719 -0.05227148 -0.04829128 -0.04432657]
1940
[-0.08868909 -0.08456177 -0.08045012 -0.07635413 -0.07227381 -0.06820914
 -0.06416011 -0.06012669 -0.05610889 -0.05210666 -0.04812   ]
1940
[-0.09266773 -0.08851803 -0.08438404 -0.08026578 -0.07616323 -0.07207639
 -0.06800525 -0.06394979 -0.05991    -0.05588586 -0.05187734]
1940
[-0.09660992 -0.09243797 -0.08828179 -0.08414137 -0.08001672 -0.07590783
 -0.0718147  -0.06773731 -0.06367565 -0.0596297  -0.05559945]
1940
[-0.10051647 -0.09632241 -0.09214415 -0.08798171 -0.08383509 -0.07970427
 -0.07558926 -0.07149006 -0.06740664 -0.06333899 -0.05928711]
1940
[-0.10438814 -0.1001721  -0.09597191 -0.09178757 -0.08761909 -0.08346647
 -0.0793297  -0.07520879 -0.07110372 -0.06701449 -0.06294108]
1940
[-0.10822566 -0.10398778 -0.09976578 -0.09555966 -0.09136945 -0.08719514
 -0.08303674 -0.07889424 -0.07476764 -0.07065692 -0.06656209]
1940
[-0.11202973 -0.10777014 -0.10352645 -0.09929869 -0.09508687 -0.09089099
 -0.08671107 -0.08254709 -0.07839906 -0.07426698 -0.07015083]
1940
[-0.11580102 -0.11151984 -0.1072546  -0.10300532 -0.09877201 -0.09455468
 -0.09035335 -0.08616801 -0.08199867 -0.07784532 -0.07370796]
1940
[-0.11954014 -0.11523751 -0.11095084 -0.10668016 -0.10242549 -0.09818683
 -0.09396421 -0.08975762 -0.08556707 -0.08139256 -0.0772341 ]
1940
[-0.12324772 -0.11892377 -0.1146158  -0.11032384 -0.10604792 -0.10178806
 -0.09754425 -0.09331653 -0.08910488 -0.08490932 -0.08072985]
1940
[-0.12692433 -0.12257918 -0.11825004 -0.11393693 -0.10963989 -0.10535892
 -0.10109406 -0.0968453  -0.09261267 -0.08839617 -0.0841958 ]
1940
[-0.13057051 -0.1262043  -0.12185411 -0.11751997 -0.11320192 -0.10889998
 -0.10461417 -0.1003445  -0.09609099 -0.09185365 -0.08763248]
1940
[-0.1341868  -0.12979965 -0.12542854 -0.1210735  -0.11673457 -0.11241176
 -0.10810512 -0.10381464 -0.09954036 -0.09528229 -0.09104043]
1940
[-0.13777371 -0.13336575 -0.12897384 -0.12459802 -0.12023832 -0.11589477
 -0.1115674  -0.10725623 -0.10296129 -0.09868259 -0.09442014]
1940
[-0.14133171 -0.13690307 -0.13249049 -0.12809401 -0.12371366 -0.11934948
 -0.1150015  -0.11066976 -0.10635426 -0.10205503 -0.09777209]
1940
[-0.14486127 -0.14041208 -0.13597895 -0.13156193 -0.12716105 -0.12277636
 -0.11840789 -0.11405567 -0.10971972 -0.10540008 -0.10109675]
1940
[-0.14836283 -0.14389322 -0.13943967 -0.13500222 -0.13058093 -0.12617584
 -0.12178699 -0.11741441 -0.11305813 -0.10871817 -0.10439456]
1940
[-0.15183683 -0.14734692 -0.14287306 -0.13841532 -0.13397374 -0.12954836
 -0.12513924 -0.12074641 -0.11636989 -0.11200973 -0.10766594]
1940
[-0.15528366 -0.15077357 -0.14627954 -0.14180162 -0.13733986 -0.13289432
 -0.12846504 -0.12405207 -0.11965543 -0.11527516 -0.11091128]
1940
[-0.15964931 -0.15322956 -0.15059799 -0.14422463 -0.14161108 -0.13528438
 -0.13268903 -0.12640922 -0.12383221 -0.11759946 -0.11504094]
1940
[-0.24494057 -0.0563213  -0.2354805  -0.04785652 -0.22607724 -0.03945864
 -0.21673197 -0.03112751 -0.20744577 -0.02286293 -0.19821964]
1940
[-0.27889594 -0.00989687 -0.26928838 -0.00172101 -0.25973284  0.0063885
 -0.25023087  0.01443198 -0.24078388  0.02240979 -0.23139319]
1940
[-0.30283821  0.02553022 -0.29313076  0.03347256 -0.28347128  0.04134943
 -0.27386156  0.04916127 -0.26430328  0.05690853 -0.25479801]
1940
[-0.32176837  0.05497049 -0.3119838   0.06270927 -0.30224353  0.07038355
 -0.29254959  0.07799382 -0.28290387  0.08554057 -0.27330815]
1940
[-0.33756161  0.08033336 -0.32771358  0.08788887 -0.3179065   0.09538082
 -0.30814258  0.10280972 -0.29842389  0.11017611 -0.2887524 ]
1940
[-0.35116835  0.10261474 -0.3412661   0.11000219 -0.33140166  0.11732695
 -0.3215774   0.12458954 -0.31179558  0.13179052 -0.30205832]
1940
[-0.36315017  0.12242576 -0.35320038  0.12965719 -0.34328544  0.13682671
 -0.33340789  0.14393487 -0.32357012  0.15098219 -0.3137744 ]
1940
[-0.3738717   0.14018019 -0.36387946  0.14726548 -0.35391927  0.15428954
 -0.3439938   0.16125293 -0.33410558  0.16815616 -0.32425704]
1940
[-0.38358533  0.15617645 -0.37355465  0.16312385 -0.36355335  0.17001064
 -0.35358423  0.17683733 -0.34364995  0.18360447 -0.33375305]
1940
[-0.39247392  0.17063882 -0.38240808  0.17745539 -0.37236905  0.18421185
 -0.36235977  0.19090872 -0.35238301  0.19754652 -0.34244143]
1940
[-0.40067473  0.18374048 -0.39057644  0.19043231 -0.38050252  0.19706445
 -0.37045598  0.20363741 -0.36043974  0.21015171 -0.35045655]
1940
[-0.40829356  0.19561737 -0.39816515  0.20218977 -0.38805873  0.20870283
 -0.37797743  0.21515705 -0.36792427  0.22155293 -0.35790212]
1940
[-0.41541384  0.20637701 -0.40525731  0.21283469 -0.39512048  0.21923332
 -0.38500659  0.22557336 -0.37491874  0.23185531 -0.3648599 ]
1940
[-0.42210253  0.21610445 -0.41191965  0.22245163 -0.40175426  0.22873995
 -0.39160967  0.2349699  -0.3814891   0.24114194 -0.37139561]
1940
[-0.42841423  0.22486619 -0.41820659  0.23110667 -0.40801428  0.23728846
 -0.39784071  0.24341201 -0.38768918  0.24947778 -0.37756285]
1940
[-0.43439403  0.2327129  -0.42416307  0.2388502  -0.41394534  0.2449289
 -0.40374434  0.25094946 -0.39356346  0.2569123  -0.38340594]
1940
[-0.4400796   0.23968119 -0.42982665  0.24571858 -0.41958487  0.25169742
 -0.40935787  0.25761815 -0.39914911  0.2634812  -0.38896192]
1940
[-0.44550266  0.24579454 -0.43522895  0.25173516 -0.42496443  0.25761721
 -0.41471276  0.26344115 -0.4044775   0.26920738 -0.39426205]
1940
[-0.45069013  0.25106374 -0.44039684  0.25691061 -0.43011078  0.26269887
 -0.41983571  0.26842896 -0.40957525  0.27410128 -0.39933289]
1940
[-0.45566487  0.2554865  -0.44535313  0.26124267 -0.43504672  0.26694014
 -0.42474947  0.27257932 -0.41446506  0.27816063 -0.40419707]
1940
[-0.46044631  0.25904665 -0.45011723  0.26471524 -0.43979162  0.270325
 -0.42947337  0.27587633 -0.41916624  0.28136963 -0.40887389]
1940
[-0.46505073  0.26171252 -0.45470542  0.26729686 -0.44436175  0.27282218
 -0.43402368  0.27828889 -0.42369505  0.28369737 -0.41337957]
1940
[-0.46477873  0.25649181 -0.46318078  0.2719697  -0.44401375  0.26785622
 -0.44250935  0.28243287 -0.42327025  0.27898409 -0.42186412]
1940
[-0.46238614  0.24776451 -0.47176736  0.26622872 -0.44154973  0.25950669
 -0.4511221   0.27620866 -0.42073741  0.27100957 -0.4304914 ]
1940
[-0.4887757   0.24679801 -0.45155548  0.24969815 -0.46814564  0.25668905
 -0.43068846  0.26147558 -0.447504    0.26633719 -0.40986148]
1940
[-0.49522561  0.22183036 -0.4503062   0.24549197 -0.47460845  0.23169472
 -0.42941755  0.25742958 -0.45396989  0.24130798 -0.40857115]
1940
[-0.50163593  0.1746111  -0.44310778  0.23068967 -0.48106211  0.18478121
 -0.42221266  0.24314113 -0.4604578   0.19468454 -0.401371  ]
1940
[-0.50516732  0.12688298 -0.43256681  0.20493136 -0.48463627  0.13759708
 -0.41166101  0.2181376  -0.46407065  0.1480279  -0.39082403]
1940
[-0.51282685  0.06103236 -0.40732319  0.13303697 -0.47383887  0.1998882
 -0.44063445  0.26870297 -0.46830825  0.1623062  -0.40308066]
1940
[-0.47180894  0.24984675 -0.50550383  0.08091174 -0.41090209  0.17568766
 -0.4783957   0.07989837 -0.38314025  0.17089435 -0.45290552]
1940
[-0.4119745   0.12312525 -0.49407172  0.11284057 -0.43300997  0.2288468
 -0.49287908 -0.08815565 -0.24476169 -0.16332946 -0.26025319]
1940
[-0.04637407 -0.4374563   0.21246653 -0.51317642 -0.20086142 -0.10247244
 -0.3630664   0.08636385 -0.44778555  0.23720135 -0.44890725]
1940
[ 0.17019352 -0.52274683 -0.23770667 -0.05530253 -0.41586958  0.20201711
 -0.50003402 -0.26199258  0.0796056  -0.44408903  0.23280532]
1940
[-0.88092786 -0.87744123 -0.78170824 -0.85864441 -0.44869805 -0.709996
 -0.87403845 -0.43564305 -0.70287239 -0.87711127 -0.41878175]
1940
[-0.13849297 -0.39738483  0.07260816 -0.49139267  0.08947574 -0.43971528
  0.24578427 -0.50982388 -0.49149276 -0.90443409 -0.88612721]
1940
[-0.8630811  -0.86564959 -0.66076254 -0.87868497 -0.47570675 -0.87825583
 -0.88079482 -0.75027406 -0.86562305 -0.36775655  0.19877558]
1940
[-0.55652204 -0.89369345 -0.78902764 -0.85569559 -0.39410537  0.1561993
 -0.47588967  0.19968519 -0.48017172  0.06811598 -0.40481298]
1940
[-0.56114146 -0.77528487 -0.8548549  -0.34453875  0.22534494 -0.53563424
 -0.7592397  -0.86197826 -0.32294016  0.24131296 -0.50993091]
1940
[-0.5652297  -0.81649532 -0.85263838 -0.4003252   0.14525475 -0.48974505
  0.12682044 -0.46875591  0.21200987 -0.49075794 -0.19899823]
1940
[-0.88023974 -0.56707937 -0.88835042 -0.67682437 -0.87235859 -0.32634693
  0.20251987 -0.53039452 -0.81580038 -0.86313024 -0.40853334]
1940
[ 0.17079364 -0.5634416  -0.84916121 -0.86037368 -0.50196634 -0.90623527
 -0.8931253  -0.89786702 -0.86443832 -0.88095626 -0.66925287]
1940
[-0.46091131  0.21297439 -0.5700205  -0.88356754 -0.88188977 -0.72930391
 -0.86162485 -0.22074452 -0.07180435 -0.41335586  0.24194721]
1940
[-0.84775185 -0.33471544  0.14944212 -0.55534635 -0.86172052 -0.86961193
 -0.56329652 -0.88723926 -0.50177887 -0.90403517 -0.82094262]
1940
[-0.89849218 -0.87595475 -0.87588562 -0.66749858 -0.86985395 -0.22814875
 -0.09490733 -0.4254377   0.23167137 -0.543402   -0.89570182]
1940
[ 0.20983866 -0.58936616 -0.90655227 -0.90170894 -0.89876821 -0.90117694
 -0.88787245 -0.89477142 -0.8105938  -0.86163972 -0.3165083 ]
1940
[ 0.05298512 -0.55052129 -0.76364137 -0.85032483 -0.15064316 -0.27727721
 -0.24409831 -0.2803023  -0.20102797 -0.31606857 -0.08175755]
1940
[-0.87872026 -0.68814213 -0.86129433 -0.14104185 -0.30948602 -0.20283761
 -0.35446369 -0.03784352 -0.46567016  0.15316225 -0.50637856]
1940
[-0.19515125 -0.42214055  0.07192    -0.55298502 -0.85740849 -0.86738056
 -0.46054039 -0.85076146 -0.87027279 -0.44515458 -0.83472982]
1940
[-0.89581779 -0.88999721 -0.77380136 -0.84738515 -0.11366849 -0.34957969
 -0.09878333 -0.44743483  0.24837198 -0.56628221 -0.90700033]
1940
[-0.90947686 -0.89878746 -0.90074912 -0.8636924  -0.87186604 -0.50486886
 -0.90731307 -0.85198352 -0.87337265 -0.45571555 -0.87783895]
1940
[-0.90280203 -0.80450063 -0.84587342 -0.14640695 -0.32635614 -0.19109701
 -0.39056522  0.05700824 -0.52709691 -0.84630475 -0.8721705 ]
1940
[-0.89792901 -0.72420549 -0.84917385 -0.01666976 -0.4742833   0.23481971
 -0.59417108 -0.90158431 -0.6979304  -0.8599833   0.00665613]
1940
[-0.62999992 -0.8932769  -0.61690967 -0.86900887 -0.1165866  -0.36949305
 -0.06565036 -0.48733975 -0.03524    -0.42455157  0.2137251 ]
1940
[-0.62518831 -0.8982854  -0.69250005 -0.8539651   0.01762049 -0.50210073
  0.02093341 -0.49100492  0.02848594 -0.48093986  0.02430387]
1940
[-0.83852036  0.00640065 -0.52270137 -0.0628678  -0.45382883  0.19426021
 -0.60184786 -0.89411487 -0.48347989 -0.9083121  -0.86936111]
1940
[-0.88219463 -0.38101483  0.2161288  -0.62783795 -0.88623853 -0.36279946
  0.22903352 -0.60797287 -0.88992025 -0.34480642  0.24165474]
1940
[ 0.13729668 -0.60852017 -0.90678024 -0.79873352 -0.84611397 -0.04168834
 -0.46443105  0.23355653 -0.60605624 -0.88939843 -0.29111156]
1940
[-0.85780187 -0.26217826 -0.15620166 -0.49003435  0.19753081 -0.61236469
 -0.892413   -0.41409497 -0.22047489 -0.15795563 -0.42128434]
1940
[-0.8938498  -0.72125687 -0.84314795  0.09022434 -0.57613992 -0.9077916
 -0.90085209 -0.90291128 -0.89483569 -0.903723   -0.85367219]
1940
[-0.56886845 -0.78123034 -0.8381872   0.05378452 -0.56214748 -0.87797921
 -0.88583348 -0.50769701 -0.90431969 -0.64658943 -0.86230627]
1940
[-0.52735164 -0.01841247 -0.5387922  -0.384079    0.22022466 -0.63711465
 -0.87691118 -0.06187798 -0.44905489  0.22661721 -0.61073934]
1940
[-0.57922976 -0.8652001  -0.86678757 -0.26772064 -0.1288061  -0.51027628
 -0.19805294 -0.26547654 -0.3336778  -0.15751699 -0.44069263]
1940
[-0.73879707 -0.83627359  0.12757559 -0.61813914 -0.89316306 -0.38143783
  0.21976093 -0.63170012 -0.87681593  0.00553099 -0.5011779 ]
1940
[-0.90397242 -0.67600444 -0.84671052  0.1398453  -0.62134308 -0.88754285
 -0.22630852 -0.20397539 -0.42859093  0.17225899 -0.6065611 ]
1940
[-0.65599981 -0.86854698 -0.00881682 -0.555692   -0.78516858 -0.84169051
  0.0927772  -0.58537999 -0.90455502 -0.55291999 -0.87864616]
1940
[-0.61967064 -0.90293291 -0.6037523  -0.86263806  0.08026184 -0.59710127
 -0.902802   -0.51582962 -0.89974656 -0.4069301  -0.21745348]
1940
[-0.87262198 -0.87533945 -0.29753901 -0.08141271 -0.56638798 -0.90588804
 -0.90556507 -0.88782967 -0.90290115 -0.70580996 -0.84788009]
1940
[-0.91270084 -0.90150317 -0.90762216 -0.84404597 -0.86163607 -0.07619016
 -0.49061851  0.16779198 -0.62599048 -0.8756538   0.08319723]
1940
[-0.88879154 -0.26349064 -0.2192226  -0.49427048  0.19806792 -0.66012753
 -0.86351345  0.15104043 -0.62238542 -0.87706956  0.07619954]
1940
[-0.85776216  0.11568944 -0.64953861 -0.87058199  0.05558056 -0.60238588
 -0.89868274 -0.32442802  0.10851895 -0.61400636 -0.87587285]
1940
[-0.85372342  0.14531675 -0.6651264  -0.86180056  0.13367262 -0.64226879
 -0.86981403  0.11488594 -0.61522396 -0.8799212   0.06359422]
1940
[-0.85209725  0.15743714 -0.67350872 -0.8575721   0.16297158 -0.65765348
 -0.86260108  0.16925549 -0.64185923 -0.86727976  0.17594877]
1940
[ 0.17494095 -0.68930843 -0.85109833  0.18410891 -0.67508938 -0.85593211
  0.19309748 -0.66062758 -0.86058462  0.20190853 -0.64594177]
1940
[ 0.18803689 -0.69742966 -0.8474633   0.19723497 -0.68337213 -0.85244915
  0.20625533 -0.66906186 -0.85725691  0.21509983 -0.65451735]
1940
[ 0.19595133 -0.70365338 -0.84451387  0.20521481 -0.68972196 -0.84960708
  0.21430134 -0.67553015 -0.85452515  0.22321276 -0.66109625]
1940
[ 0.20112397 -0.70886186 -0.84190184  0.21047032 -0.69503774 -0.84707909
  0.21964    -0.68094682 -0.85208409  0.22863485 -0.66660724]
1940
[-0.7179095  -0.83772212  0.21083164 -0.70427478 -0.84302335  0.22015314
 -0.69036184 -0.84815709  0.22929916 -0.67618844 -0.85311767]
1940
[-0.72191911 -0.83547189  0.21302599 -0.70837134 -0.84082979  0.22244693
 -0.69454043 -0.84602305  0.23169216 -0.68044402 -0.85104587]
1940
[-0.831521    0.21105553 -0.71659821 -0.8369794   0.22063904 -0.70293611
 -0.84227808  0.23004586 -0.68899804 -0.84741093  0.23927781]
1940
[-0.72885796 -0.83136167  0.2147726  -0.71546244 -0.83680844  0.22440304
 -0.70177531 -0.84209618  0.2338569  -0.6878139  -0.84721878]
1940
[-0.73191195 -0.82947143  0.21468361 -0.71858398 -0.83495317  0.22442165
 -0.70496068 -0.84027861  0.23398251 -0.69105921 -0.84544151]
1940
[ 0.20744927 -0.73035815 -0.82953238  0.21741538 -0.7169916  -0.83499355
  0.22720239 -0.70333183 -0.84029893  0.23681218 -0.68939614]
1940
[-0.73738961 -0.82597633  0.21314611 -0.72418324 -0.8315135   0.22310145
 -0.71067481 -0.83689965  0.23287821 -0.69688125 -0.84212832]
1940
[ 0.20503764 -0.73551954 -0.82622865  0.21522246 -0.72226471 -0.83173874
  0.22522667 -0.70871027 -0.83709814  0.23505215 -0.69487328]
1940
[ 0.20338729 -0.73787075 -0.82469878  0.21368131 -0.72466673 -0.83022795
  0.22379389 -0.71116017 -0.83560889  0.23372692 -0.69736803]
1940
[ 0.20150013 -0.74009246 -0.82324505  0.21190297 -0.72693632 -0.82879024
  0.22212352 -0.71347486 -0.83418958  0.23216367 -0.69972494]
1940
[-0.81808226  0.20293454 -0.73786371 -0.82373249  0.21338444 -0.72464833
 -0.82924387  0.2236518  -0.71113047 -0.83460944  0.23373852]
1940
[-0.8167653   0.20070624 -0.73988126 -0.82242476  0.21126359 -0.72670784
 -0.82794766  0.2216375  -0.71322938 -0.83332699  0.23182986]
1940
[-0.81551688  0.19832642 -0.7418051  -0.82118336  0.20899058 -0.72867147
 -0.8267155   0.21947037 -0.71523032 -0.83210625  0.22976771]
1940
[-0.81433435  0.1958144  -0.7436443  -0.82000583  0.2065847  -0.73054845
 -0.82554515  0.2171697  -0.71714271 -0.83094517  0.22757131]
1940
[-0.81321524  0.19318636 -0.74540679 -0.81888991  0.20406214 -0.73234688
 -0.8244345   0.21475164 -0.7189748  -0.82984182  0.22525681]
1940
[-0.81215729  0.19045595 -0.74709957 -0.81783347  0.20143651 -0.73407391
 -0.82338159  0.21222983 -0.72073385 -0.82879441  0.22283785]
1940
[-0.81115838  0.18763468 -0.74872884 -0.81683454  0.19871934 -0.73573585
 -0.82238459  0.2096158  -0.72242631 -0.82780125  0.22032599]
1940
[-0.81021655  0.18473232 -0.75030011 -0.81589129  0.19592044 -0.73733835
 -0.82144179  0.20691937 -0.72405795 -0.82686075  0.21773105]
1940
[-0.80932998  0.1817572  -0.75181833 -0.815002    0.19304814 -0.73888647
 -0.8205516   0.20414889 -0.72563392 -0.82597143  0.21506141]
1940
[-0.80849696  0.17871641 -0.75328797 -0.81416508  0.19010955 -0.74038475
 -0.81971251  0.20131151 -0.72715886 -0.82513188  0.21232424]
1940
[-0.80771592  0.175616   -0.75471304 -0.81337902  0.18711075 -0.74183733
 -0.81892312  0.19841333 -0.728637   -0.8243408   0.20952568]
1940
[-0.80698537  0.17246115 -0.75609721 -0.81264244  0.18405696 -0.74324794
 -0.81818211  0.19545959 -0.73007214 -0.82359695  0.20667099]
1940
[-0.80630394  0.16925629 -0.75744381 -0.81195404  0.18095263 -0.74462
 -0.81748827  0.19245478 -0.73146779 -0.8228992   0.2037647 ]
1940
[-0.80567035  0.16600521 -0.7587559  -0.81131259  0.17780157 -0.74595664
 -0.81684045  0.18940274 -0.73282713 -0.82224646  0.20081068]
1940
[-0.8050834   0.16271113 -0.76003628 -0.81071697  0.17460705 -0.74726073
 -0.81623757  0.18630677 -0.7341531  -0.82163773  0.19781226]
1940
[-0.80454198  0.1593768  -0.76128754 -0.81016612  0.17137183 -0.74853491
 -0.81567864  0.18316967 -0.73544843 -0.82107206  0.19477227]
1940
[-0.80404507  0.15600454 -0.76251207 -0.80965907  0.16809829 -0.74978165
 -0.81516274  0.17999384 -0.73671561 -0.82054859  0.19169314]
1940
[-0.80359171  0.15259633 -0.76371208 -0.8091949   0.1647884  -0.75100321
 -0.814689    0.17678129 -0.73795698 -0.8200665   0.18857692]
1940
[-0.80318101  0.14915379 -0.76488965 -0.80877277  0.16144385 -0.75220173
 -0.81425662  0.17353373 -0.7391747  -0.81962503  0.18542535]
1940
[-0.80281214  0.14567829 -0.7660467  -0.80839191  0.15806603 -0.75337916
 -0.81386486  0.17025258 -0.74037082 -0.81922348  0.18223988]
1940
[-0.80248436  0.14217095 -0.76718503 -0.80805159  0.15465606 -0.75453738
 -0.81351304  0.166939   -0.74154722 -0.81886121  0.1790217 ]
1940
[-0.80219697  0.13863263 -0.76830635 -0.80775114  0.15121486 -0.75567813
 -0.81320053  0.16359394 -0.7427057  -0.81853762  0.17577178]
1940
[-0.80194933  0.13506404 -0.76941224 -0.80748996  0.14774315 -0.75680303
 -0.81292674  0.16021814 -0.74384795 -0.81825216  0.1724909 ]
1940
[-0.80174086  0.13146567 -0.77050423 -0.80726749  0.14424147 -0.75791366
 -0.81269116  0.15681217 -0.74497554 -0.81800434  0.16917966]
1940
[-0.80157102  0.12783789 -0.77158373 -0.80708324  0.14071018 -0.75901147
 -0.8124933   0.15337643 -0.74609    -0.8177937   0.16583847]
1940
[-0.80143934  0.12418089 -0.77265209 -0.80693673  0.13714953 -0.76009786
 -0.81233274  0.14991117 -0.74719275 -0.81761984  0.16246764]
1940
[-0.80134539  0.12049476 -0.77371062 -0.80682757  0.13355962 -0.76117415
 -0.81220907  0.14641653 -0.74828517 -0.81748238  0.1590673 ]
1940
[-0.80128878  0.11677943 -0.77476054 -0.80675539  0.12994041 -0.76224162
 -0.81212196  0.1428925  -0.74936854 -0.817381    0.1556375 ]
1940
[-0.80126918  0.11303477 -0.77580302 -0.80671987  0.12629178 -0.76330148
 -0.81207111  0.13933899 -0.75044413 -0.81731542  0.15217814]
1940
[-0.80128629  0.10926052 -0.77683918 -0.80672072  0.12261351 -0.76435488
 -0.81205624  0.13575578 -0.75151311 -0.81728538  0.14868906]
